DATE,TIME,CLOSE
01/01/2014,09:20:00,142.4
01/01/2014,09:25:00,142.3
01/01/2014,09:30:00,142.6
01/01/2014,09:35:00,142.9
01/01/2014,09:40:00,142.85
01/01/2014,09:45:00,143.1
01/01/2014,09:50:00,143.25
01/01/2014,09:55:00,143.0
01/01/2014,10:00:00,142.9
01/01/2014,10:05:00,142.9
01/01/2014,10:10:00,142.95
01/01/2014,10:15:00,143.05
01/01/2014,10:20:00,143.15
01/01/2014,10:25:00,143.45
01/01/2014,10:30:00,143.3
01/01/2014,10:35:00,143.1
01/01/2014,10:40:00,143.1
01/01/2014,10:45:00,143.1
01/01/2014,10:50:00,143.3
01/01/2014,10:55:00,143.1
01/01/2014,11:00:00,142.9
01/01/2014,11:05:00,142.85
01/01/2014,11:10:00,142.9
01/01/2014,11:15:00,142.8
01/01/2014,11:20:00,142.8
01/01/2014,11:25:00,142.65
01/01/2014,11:30:00,142.5
01/01/2014,11:35:00,142.3
01/01/2014,11:40:00,142.35
01/01/2014,11:45:00,142.5
01/01/2014,11:50:00,142.55
01/01/2014,11:55:00,142.5
01/01/2014,12:00:00,142.45
01/01/2014,12:05:00,142.5
01/01/2014,12:10:00,142.4
01/01/2014,12:15:00,142.35
01/01/2014,12:20:00,142.4
01/01/2014,12:25:00,142.35
01/01/2014,12:30:00,142.35
01/01/2014,12:35:00,142.35
01/01/2014,12:40:00,142.2
01/01/2014,12:45:00,142.1
01/01/2014,12:50:00,141.85
01/01/2014,12:55:00,141.75
01/01/2014,13:00:00,142.5
01/01/2014,13:05:00,142.4
01/01/2014,13:10:00,142.25
01/01/2014,13:15:00,142.15
01/01/2014,13:20:00,142.15
01/01/2014,13:25:00,142.0
01/01/2014,13:30:00,142.05
01/01/2014,13:35:00,142.35
01/01/2014,13:40:00,142.2
01/01/2014,13:45:00,142.2
01/01/2014,13:50:00,142.3
01/01/2014,13:55:00,142.15
01/01/2014,14:00:00,142.1
01/01/2014,14:05:00,142.05
01/01/2014,14:10:00,142.1
01/01/2014,14:15:00,142.0
01/01/2014,14:20:00,142.8
01/01/2014,14:25:00,143.45
01/01/2014,14:30:00,143.3
01/01/2014,14:35:00,143.7
01/01/2014,14:40:00,143.6
01/01/2014,14:45:00,143.55
01/01/2014,14:50:00,143.65
01/01/2014,14:55:00,143.45
01/01/2014,15:00:00,143.3
01/01/2014,15:05:00,143.05
01/01/2014,15:10:00,143.1
01/01/2014,15:15:00,142.85
01/01/2014,15:20:00,142.95
01/01/2014,15:25:00,142.45
01/01/2014,15:30:00,142.55
02/01/2014,09:20:00,142.55
02/01/2014,09:25:00,142.25
02/01/2014,09:30:00,142.35
02/01/2014,09:35:00,142.9
02/01/2014,09:40:00,142.85
02/01/2014,09:45:00,141.85
02/01/2014,09:50:00,142.5
02/01/2014,09:55:00,142.7
02/01/2014,10:00:00,142.65
02/01/2014,10:05:00,142.75
02/01/2014,10:10:00,142.85
02/01/2014,10:15:00,142.75
02/01/2014,10:20:00,142.6
02/01/2014,10:25:00,142.45
02/01/2014,10:30:00,142.3
02/01/2014,10:35:00,142.75
02/01/2014,10:40:00,142.95
02/01/2014,10:45:00,142.75
02/01/2014,10:50:00,142.9
02/01/2014,10:55:00,142.9
02/01/2014,11:00:00,142.95
02/01/2014,11:05:00,142.9
02/01/2014,11:10:00,143.05
02/01/2014,11:15:00,143.1
02/01/2014,11:20:00,143.3
02/01/2014,11:25:00,143.15
02/01/2014,11:30:00,143.2
02/01/2014,11:35:00,143.3
02/01/2014,11:40:00,144.05
02/01/2014,11:45:00,144.6
02/01/2014,11:50:00,143.75
02/01/2014,11:55:00,144.0
02/01/2014,12:00:00,144.0
02/01/2014,12:05:00,143.65
02/01/2014,12:10:00,143.65
02/01/2014,12:15:00,143.65
02/01/2014,12:20:00,143.4
02/01/2014,12:25:00,143.65
02/01/2014,12:30:00,143.65
02/01/2014,12:35:00,143.95
02/01/2014,12:40:00,143.9
02/01/2014,12:45:00,143.7
02/01/2014,12:50:00,143.9
02/01/2014,12:55:00,143.9
02/01/2014,13:00:00,143.75
02/01/2014,13:05:00,143.85
02/01/2014,13:10:00,143.8
02/01/2014,13:15:00,143.65
02/01/2014,13:20:00,143.3
02/01/2014,13:25:00,143.5
02/01/2014,13:30:00,143.45
02/01/2014,13:35:00,143.35
02/01/2014,13:40:00,143.65
02/01/2014,13:45:00,143.6
02/01/2014,13:50:00,142.6
02/01/2014,13:55:00,142.6
02/01/2014,14:00:00,142.1
02/01/2014,14:05:00,140.95
02/01/2014,14:10:00,139.3
02/01/2014,14:15:00,140.5
02/01/2014,14:20:00,140.1
02/01/2014,14:25:00,140.4
02/01/2014,14:30:00,140.3
02/01/2014,14:35:00,140.3
02/01/2014,14:40:00,140.0
02/01/2014,14:45:00,139.55
02/01/2014,14:50:00,140.1
02/01/2014,14:55:00,140.0
02/01/2014,15:00:00,140.55
02/01/2014,15:05:00,140.75
02/01/2014,15:10:00,140.4
02/01/2014,15:15:00,140.35
02/01/2014,15:20:00,140.65
02/01/2014,15:25:00,139.85
02/01/2014,15:30:00,139.5
03/01/2014,09:20:00,138.75
03/01/2014,09:25:00,139.15
03/01/2014,09:30:00,139.6
03/01/2014,09:35:00,139.6
03/01/2014,09:40:00,139.3
03/01/2014,09:45:00,140.15
03/01/2014,09:50:00,140.1
03/01/2014,09:55:00,140.65
03/01/2014,10:00:00,140.7
03/01/2014,10:05:00,140.5
03/01/2014,10:10:00,139.7
03/01/2014,10:15:00,139.0
03/01/2014,10:20:00,139.15
03/01/2014,10:25:00,139.25
03/01/2014,10:30:00,138.75
03/01/2014,10:35:00,138.55
03/01/2014,10:40:00,138.55
03/01/2014,10:45:00,138.5
03/01/2014,10:50:00,138.15
03/01/2014,10:55:00,138.4
03/01/2014,11:00:00,138.05
03/01/2014,11:05:00,138.4
03/01/2014,11:10:00,138.75
03/01/2014,11:15:00,138.9
03/01/2014,11:20:00,138.65
03/01/2014,11:25:00,139.15
03/01/2014,11:30:00,138.15
03/01/2014,11:35:00,138.15
03/01/2014,11:40:00,138.1
03/01/2014,11:45:00,138.3
03/01/2014,11:50:00,138.1
03/01/2014,11:55:00,138.15
03/01/2014,12:00:00,138.05
03/01/2014,12:05:00,138.0
03/01/2014,12:10:00,138.0
03/01/2014,12:15:00,137.75
03/01/2014,12:20:00,137.45
03/01/2014,12:25:00,137.3
03/01/2014,12:30:00,137.7
03/01/2014,12:35:00,137.7
03/01/2014,12:40:00,137.5
03/01/2014,12:45:00,137.4
03/01/2014,12:50:00,137.7
03/01/2014,12:55:00,137.5
03/01/2014,13:00:00,137.4
03/01/2014,13:05:00,137.4
03/01/2014,13:10:00,137.35
03/01/2014,13:15:00,137.35
03/01/2014,13:20:00,137.3
03/01/2014,13:25:00,137.55
03/01/2014,13:30:00,137.6
03/01/2014,13:35:00,137.95
03/01/2014,13:40:00,137.35
03/01/2014,13:45:00,137.5
03/01/2014,13:50:00,137.4
03/01/2014,13:55:00,137.5
03/01/2014,14:00:00,137.25
03/01/2014,14:05:00,137.1
03/01/2014,14:10:00,137.35
03/01/2014,14:15:00,137.2
03/01/2014,14:20:00,137.25
03/01/2014,14:25:00,137.2
03/01/2014,14:30:00,137.15
03/01/2014,14:35:00,137.45
03/01/2014,14:40:00,137.5
03/01/2014,14:45:00,138.0
03/01/2014,14:50:00,138.0
03/01/2014,14:55:00,138.1
03/01/2014,15:00:00,138.6
03/01/2014,15:05:00,138.45
03/01/2014,15:10:00,138.6
03/01/2014,15:15:00,138.5
03/01/2014,15:20:00,138.55
03/01/2014,15:25:00,138.5
03/01/2014,15:30:00,138.2
06/01/2014,09:20:00,136.45
06/01/2014,09:25:00,137.1
06/01/2014,09:30:00,136.85
06/01/2014,09:35:00,137.0
06/01/2014,09:40:00,136.45
06/01/2014,09:45:00,136.25
06/01/2014,09:50:00,136.2
06/01/2014,09:55:00,136.6
06/01/2014,10:00:00,136.4
06/01/2014,10:05:00,136.25
06/01/2014,10:10:00,136.6
06/01/2014,10:15:00,136.35
06/01/2014,10:20:00,136.4
06/01/2014,10:25:00,136.65
06/01/2014,10:30:00,136.5
06/01/2014,10:35:00,136.4
06/01/2014,10:40:00,136.5
06/01/2014,10:45:00,136.9
06/01/2014,10:50:00,136.55
06/01/2014,10:55:00,136.5
06/01/2014,11:00:00,136.5
06/01/2014,11:05:00,136.45
06/01/2014,11:10:00,136.65
06/01/2014,11:15:00,137.2
06/01/2014,11:20:00,137.0
06/01/2014,11:25:00,137.0
06/01/2014,11:30:00,136.95
06/01/2014,11:35:00,136.9
06/01/2014,11:40:00,136.9
06/01/2014,11:45:00,136.85
06/01/2014,11:50:00,136.8
06/01/2014,11:55:00,137.0
06/01/2014,12:00:00,136.95
06/01/2014,12:05:00,137.2
06/01/2014,12:10:00,137.15
06/01/2014,12:15:00,137.3
06/01/2014,12:20:00,137.2
06/01/2014,12:25:00,137.7
06/01/2014,12:30:00,137.55
06/01/2014,12:35:00,137.4
06/01/2014,12:40:00,137.15
06/01/2014,12:45:00,137.0
06/01/2014,12:50:00,137.0
06/01/2014,12:55:00,136.9
06/01/2014,13:00:00,137.0
06/01/2014,13:05:00,136.9
06/01/2014,13:10:00,136.8
06/01/2014,13:15:00,136.9
06/01/2014,13:20:00,137.2
06/01/2014,13:25:00,137.0
06/01/2014,13:30:00,137.0
06/01/2014,13:35:00,136.8
06/01/2014,13:40:00,136.8
06/01/2014,13:45:00,136.8
06/01/2014,13:50:00,136.95
06/01/2014,13:55:00,136.7
06/01/2014,14:00:00,136.6
06/01/2014,14:05:00,136.55
06/01/2014,14:10:00,136.65
06/01/2014,14:15:00,136.45
06/01/2014,14:20:00,136.25
06/01/2014,14:25:00,136.55
06/01/2014,14:30:00,136.6
06/01/2014,14:35:00,136.45
06/01/2014,14:40:00,136.4
06/01/2014,14:45:00,136.25
06/01/2014,14:50:00,136.2
06/01/2014,14:55:00,136.25
06/01/2014,15:00:00,136.55
06/01/2014,15:05:00,136.8
06/01/2014,15:10:00,136.75
06/01/2014,15:15:00,137.2
06/01/2014,15:20:00,136.9
06/01/2014,15:25:00,137.0
06/01/2014,15:30:00,137.05
07/01/2014,09:20:00,138.25
07/01/2014,09:25:00,138.5
07/01/2014,09:30:00,138.5
07/01/2014,09:35:00,138.0
07/01/2014,09:40:00,138.0
07/01/2014,09:45:00,137.7
07/01/2014,09:50:00,137.75
07/01/2014,09:55:00,137.8
07/01/2014,10:00:00,137.2
07/01/2014,10:05:00,137.0
07/01/2014,10:10:00,137.05
07/01/2014,10:15:00,136.85
07/01/2014,10:20:00,136.65
07/01/2014,10:25:00,136.6
07/01/2014,10:30:00,136.75
07/01/2014,10:35:00,136.3
07/01/2014,10:40:00,136.2
07/01/2014,10:45:00,135.75
07/01/2014,10:50:00,135.35
07/01/2014,10:55:00,136.1
07/01/2014,11:00:00,136.15
07/01/2014,11:05:00,136.0
07/01/2014,11:10:00,136.2
07/01/2014,11:15:00,135.8
07/01/2014,11:20:00,135.4
07/01/2014,11:25:00,135.7
07/01/2014,11:30:00,135.65
07/01/2014,11:35:00,135.9
07/01/2014,11:40:00,135.85
07/01/2014,11:45:00,135.8
07/01/2014,11:50:00,135.6
07/01/2014,11:55:00,135.75
07/01/2014,12:00:00,135.75
07/01/2014,12:05:00,136.05
07/01/2014,12:10:00,136.2
07/01/2014,12:15:00,136.3
07/01/2014,12:20:00,135.9
07/01/2014,12:25:00,135.9
07/01/2014,12:30:00,135.9
07/01/2014,12:35:00,136.2
07/01/2014,12:40:00,136.4
07/01/2014,12:45:00,136.4
07/01/2014,12:50:00,136.35
07/01/2014,12:55:00,136.1
07/01/2014,13:00:00,136.0
07/01/2014,13:05:00,136.15
07/01/2014,13:10:00,136.4
07/01/2014,13:15:00,136.35
07/01/2014,13:20:00,136.6
07/01/2014,13:25:00,136.6
07/01/2014,13:30:00,136.6
07/01/2014,13:35:00,136.4
07/01/2014,13:40:00,136.05
07/01/2014,13:45:00,136.0
07/01/2014,13:50:00,136.6
07/01/2014,13:55:00,137.4
07/01/2014,14:00:00,137.7
07/01/2014,14:05:00,137.75
07/01/2014,14:10:00,137.8
07/01/2014,14:15:00,137.4
07/01/2014,14:20:00,137.35
07/01/2014,14:25:00,137.7
07/01/2014,14:30:00,137.9
07/01/2014,14:35:00,138.0
07/01/2014,14:40:00,137.35
07/01/2014,14:45:00,137.6
07/01/2014,14:50:00,137.2
07/01/2014,14:55:00,137.0
07/01/2014,15:00:00,136.9
07/01/2014,15:05:00,136.25
07/01/2014,15:10:00,136.2
07/01/2014,15:15:00,136.0
07/01/2014,15:20:00,135.95
07/01/2014,15:25:00,135.9
07/01/2014,15:30:00,136.75
08/01/2014,09:20:00,137.8
08/01/2014,09:25:00,138.0
08/01/2014,09:30:00,138.0
08/01/2014,09:35:00,138.3
08/01/2014,09:40:00,137.8
08/01/2014,09:45:00,137.9
08/01/2014,09:50:00,138.15
08/01/2014,09:55:00,138.3
08/01/2014,10:00:00,138.05
08/01/2014,10:05:00,138.2
08/01/2014,10:10:00,138.2
08/01/2014,10:15:00,138.3
08/01/2014,10:20:00,138.35
08/01/2014,10:25:00,138.45
08/01/2014,10:30:00,138.8
08/01/2014,10:35:00,138.7
08/01/2014,10:40:00,139.3
08/01/2014,10:45:00,138.65
08/01/2014,10:50:00,138.45
08/01/2014,10:55:00,138.9
08/01/2014,11:00:00,138.85
08/01/2014,11:05:00,138.7
08/01/2014,11:10:00,138.75
08/01/2014,11:15:00,138.65
08/01/2014,11:20:00,138.5
08/01/2014,11:25:00,138.35
08/01/2014,11:30:00,138.7
08/01/2014,11:35:00,138.65
08/01/2014,11:40:00,138.75
08/01/2014,11:45:00,138.75
08/01/2014,11:50:00,138.7
08/01/2014,11:55:00,138.6
08/01/2014,12:00:00,138.7
08/01/2014,12:05:00,138.75
08/01/2014,12:10:00,138.75
08/01/2014,12:15:00,138.75
08/01/2014,12:20:00,138.7
08/01/2014,12:25:00,138.65
08/01/2014,12:30:00,138.5
08/01/2014,12:35:00,138.55
08/01/2014,12:40:00,138.65
08/01/2014,12:45:00,138.45
08/01/2014,12:50:00,138.3
08/01/2014,12:55:00,138.95
08/01/2014,13:00:00,138.15
08/01/2014,13:05:00,138.1
08/01/2014,13:10:00,138.35
08/01/2014,13:15:00,138.0
08/01/2014,13:20:00,139.8
08/01/2014,13:25:00,141.7
08/01/2014,13:30:00,143.15
08/01/2014,13:35:00,141.75
08/01/2014,13:40:00,141.25
08/01/2014,13:45:00,140.1
08/01/2014,13:50:00,140.35
08/01/2014,13:55:00,140.5
08/01/2014,14:00:00,140.45
08/01/2014,14:05:00,140.15
08/01/2014,14:10:00,140.15
08/01/2014,14:15:00,140.2
08/01/2014,14:20:00,140.15
08/01/2014,14:25:00,139.85
08/01/2014,14:30:00,140.1
08/01/2014,14:35:00,140.55
08/01/2014,14:40:00,140.0
08/01/2014,14:45:00,140.1
08/01/2014,14:50:00,140.0
08/01/2014,14:55:00,139.7
08/01/2014,15:00:00,139.6
08/01/2014,15:05:00,139.3
08/01/2014,15:10:00,139.1
08/01/2014,15:15:00,139.15
08/01/2014,15:20:00,139.0
08/01/2014,15:25:00,138.9
08/01/2014,15:30:00,138.5
09/01/2014,09:20:00,140.3
09/01/2014,09:25:00,140.75
09/01/2014,09:30:00,141.0
09/01/2014,09:35:00,141.2
09/01/2014,09:40:00,140.95
09/01/2014,09:45:00,140.35
09/01/2014,09:50:00,140.2
09/01/2014,09:55:00,140.4
09/01/2014,10:00:00,140.5
09/01/2014,10:05:00,140.0
09/01/2014,10:10:00,140.3
09/01/2014,10:15:00,140.1
09/01/2014,10:20:00,140.3
09/01/2014,10:25:00,140.3
09/01/2014,10:30:00,140.4
09/01/2014,10:35:00,140.3
09/01/2014,10:40:00,140.3
09/01/2014,10:45:00,140.75
09/01/2014,10:50:00,140.3
09/01/2014,10:55:00,140.5
09/01/2014,11:00:00,140.25
09/01/2014,11:05:00,140.5
09/01/2014,11:10:00,140.4
09/01/2014,11:15:00,140.55
09/01/2014,11:20:00,140.4
09/01/2014,11:25:00,140.45
09/01/2014,11:30:00,140.35
09/01/2014,11:35:00,140.35
09/01/2014,11:40:00,140.25
09/01/2014,11:45:00,140.45
09/01/2014,11:50:00,140.1
09/01/2014,11:55:00,140.0
09/01/2014,12:00:00,139.6
09/01/2014,12:05:00,138.85
09/01/2014,12:10:00,138.5
09/01/2014,12:15:00,138.0
09/01/2014,12:20:00,138.2
09/01/2014,12:25:00,138.3
09/01/2014,12:30:00,138.35
09/01/2014,12:35:00,138.4
09/01/2014,12:40:00,138.3
09/01/2014,12:45:00,138.25
09/01/2014,12:50:00,138.25
09/01/2014,12:55:00,138.3
09/01/2014,13:00:00,138.3
09/01/2014,13:05:00,138.25
09/01/2014,13:10:00,138.1
09/01/2014,13:15:00,138.0
09/01/2014,13:20:00,138.0
09/01/2014,13:25:00,138.0
09/01/2014,13:30:00,138.15
09/01/2014,13:35:00,138.4
09/01/2014,13:40:00,137.95
09/01/2014,13:45:00,138.0
09/01/2014,13:50:00,138.15
09/01/2014,13:55:00,138.1
09/01/2014,14:00:00,138.15
09/01/2014,14:05:00,138.1
09/01/2014,14:10:00,138.35
09/01/2014,14:15:00,138.3
09/01/2014,14:20:00,138.0
09/01/2014,14:25:00,138.45
09/01/2014,14:30:00,138.45
09/01/2014,14:35:00,138.15
09/01/2014,14:40:00,138.4
09/01/2014,14:45:00,138.45
09/01/2014,14:50:00,138.15
09/01/2014,14:55:00,139.05
09/01/2014,15:00:00,139.65
09/01/2014,15:05:00,139.6
09/01/2014,15:10:00,139.35
09/01/2014,15:15:00,139.55
09/01/2014,15:20:00,139.6
09/01/2014,15:25:00,139.5
09/01/2014,15:30:00,139.0
10/01/2014,09:20:00,138.75
10/01/2014,09:25:00,138.7
10/01/2014,09:30:00,138.8
10/01/2014,09:35:00,138.6
10/01/2014,09:40:00,139.05
10/01/2014,09:45:00,139.1
10/01/2014,09:50:00,139.05
10/01/2014,09:55:00,139.4
10/01/2014,10:00:00,139.3
10/01/2014,10:05:00,139.65
10/01/2014,10:10:00,140.05
10/01/2014,10:15:00,140.3
10/01/2014,10:20:00,140.5
10/01/2014,10:25:00,140.2
10/01/2014,10:30:00,140.35
10/01/2014,10:35:00,140.3
10/01/2014,10:40:00,140.35
10/01/2014,10:45:00,140.3
10/01/2014,10:50:00,140.3
10/01/2014,10:55:00,140.5
10/01/2014,11:00:00,140.65
10/01/2014,11:05:00,140.65
10/01/2014,11:10:00,140.55
10/01/2014,11:15:00,140.7
10/01/2014,11:20:00,140.55
10/01/2014,11:25:00,140.45
10/01/2014,11:30:00,140.1
10/01/2014,11:35:00,139.75
10/01/2014,11:40:00,139.85
10/01/2014,11:45:00,140.45
10/01/2014,11:50:00,140.4
10/01/2014,11:55:00,140.35
10/01/2014,12:00:00,140.35
10/01/2014,12:05:00,140.9
10/01/2014,12:10:00,140.65
10/01/2014,12:15:00,140.9
10/01/2014,12:20:00,140.95
10/01/2014,12:25:00,140.75
10/01/2014,12:30:00,140.9
10/01/2014,12:35:00,140.95
10/01/2014,12:40:00,140.8
10/01/2014,12:45:00,140.9
10/01/2014,12:50:00,140.9
10/01/2014,12:55:00,141.5
10/01/2014,13:00:00,141.25
10/01/2014,13:05:00,141.1
10/01/2014,13:10:00,141.2
10/01/2014,13:15:00,141.4
10/01/2014,13:20:00,141.35
10/01/2014,13:25:00,141.35
10/01/2014,13:30:00,141.45
10/01/2014,13:35:00,141.35
10/01/2014,13:40:00,141.45
10/01/2014,13:45:00,141.6
10/01/2014,13:50:00,141.3
10/01/2014,13:55:00,141.2
10/01/2014,14:00:00,141.05
10/01/2014,14:05:00,140.75
10/01/2014,14:10:00,140.35
10/01/2014,14:15:00,140.3
10/01/2014,14:20:00,140.0
10/01/2014,14:25:00,139.6
10/01/2014,14:30:00,139.9
10/01/2014,14:35:00,140.25
10/01/2014,14:40:00,139.7
10/01/2014,14:45:00,139.25
10/01/2014,14:50:00,139.65
10/01/2014,14:55:00,139.65
10/01/2014,15:00:00,139.6
10/01/2014,15:05:00,139.3
10/01/2014,15:10:00,139.05
10/01/2014,15:15:00,139.25
10/01/2014,15:20:00,139.2
10/01/2014,15:25:00,138.85
10/01/2014,15:30:00,138.95
13/01/2014,09:20:00,139.4
13/01/2014,09:25:00,139.3
13/01/2014,09:30:00,139.2
13/01/2014,09:35:00,139.0
13/01/2014,09:40:00,139.0
13/01/2014,09:45:00,139.4
13/01/2014,09:50:00,138.95
13/01/2014,09:55:00,139.5
13/01/2014,10:00:00,139.6
13/01/2014,10:05:00,140.0
13/01/2014,10:10:00,139.4
13/01/2014,10:15:00,139.4
13/01/2014,10:20:00,139.35
13/01/2014,10:25:00,139.05
13/01/2014,10:30:00,139.2
13/01/2014,10:35:00,139.0
13/01/2014,10:40:00,138.95
13/01/2014,10:45:00,139.05
13/01/2014,10:50:00,138.65
13/01/2014,10:55:00,138.6
13/01/2014,11:00:00,138.85
13/01/2014,11:05:00,138.55
13/01/2014,11:10:00,138.55
13/01/2014,11:15:00,138.95
13/01/2014,11:20:00,138.7
13/01/2014,11:25:00,138.55
13/01/2014,11:30:00,138.55
13/01/2014,11:35:00,138.7
13/01/2014,11:40:00,138.7
13/01/2014,11:45:00,138.8
13/01/2014,11:50:00,138.8
13/01/2014,11:55:00,138.7
13/01/2014,12:00:00,138.7
13/01/2014,12:05:00,138.8
13/01/2014,12:10:00,138.25
13/01/2014,12:15:00,138.5
13/01/2014,12:20:00,139.25
13/01/2014,12:25:00,140.1
13/01/2014,12:30:00,140.0
13/01/2014,12:35:00,142.0
13/01/2014,12:40:00,141.05
13/01/2014,12:45:00,141.05
13/01/2014,12:50:00,141.0
13/01/2014,12:55:00,140.8
13/01/2014,13:00:00,141.05
13/01/2014,13:05:00,141.55
13/01/2014,13:10:00,141.5
13/01/2014,13:15:00,141.35
13/01/2014,13:20:00,140.8
13/01/2014,13:25:00,140.8
13/01/2014,13:30:00,140.7
13/01/2014,13:35:00,140.75
13/01/2014,13:40:00,140.85
13/01/2014,13:45:00,140.7
13/01/2014,13:50:00,140.85
13/01/2014,13:55:00,140.7
13/01/2014,14:00:00,140.7
13/01/2014,14:05:00,140.7
13/01/2014,14:10:00,140.85
13/01/2014,14:15:00,140.8
13/01/2014,14:20:00,141.1
13/01/2014,14:25:00,141.1
13/01/2014,14:30:00,141.0
13/01/2014,14:35:00,140.9
13/01/2014,14:40:00,141.0
13/01/2014,14:45:00,141.0
13/01/2014,14:50:00,141.0
13/01/2014,14:55:00,141.0
13/01/2014,15:00:00,141.05
13/01/2014,15:05:00,141.5
13/01/2014,15:10:00,141.7
13/01/2014,15:15:00,141.95
13/01/2014,15:20:00,141.7
13/01/2014,15:25:00,141.75
13/01/2014,15:30:00,141.0
14/01/2014,09:20:00,141.5
14/01/2014,09:25:00,141.4
14/01/2014,09:30:00,140.8
14/01/2014,09:35:00,141.1
14/01/2014,09:40:00,142.35
14/01/2014,09:45:00,141.25
14/01/2014,09:50:00,141.25
14/01/2014,09:55:00,141.0
14/01/2014,10:00:00,141.0
14/01/2014,10:05:00,141.05
14/01/2014,10:10:00,140.8
14/01/2014,10:15:00,140.7
14/01/2014,10:20:00,140.7
14/01/2014,10:25:00,140.5
14/01/2014,10:30:00,140.55
14/01/2014,10:35:00,140.55
14/01/2014,10:40:00,140.7
14/01/2014,10:45:00,140.5
14/01/2014,10:50:00,140.55
14/01/2014,10:55:00,140.3
14/01/2014,11:00:00,140.15
14/01/2014,11:05:00,140.1
14/01/2014,11:10:00,140.1
14/01/2014,11:15:00,140.0
14/01/2014,11:20:00,139.95
14/01/2014,11:25:00,139.95
14/01/2014,11:30:00,139.85
14/01/2014,11:35:00,139.9
14/01/2014,11:40:00,140.0
14/01/2014,11:45:00,139.9
14/01/2014,11:50:00,140.1
14/01/2014,11:55:00,140.1
14/01/2014,12:00:00,140.15
14/01/2014,12:05:00,140.2
14/01/2014,12:10:00,140.05
14/01/2014,12:15:00,139.75
14/01/2014,12:20:00,139.9
14/01/2014,12:25:00,139.85
14/01/2014,12:30:00,139.8
14/01/2014,12:35:00,140.0
14/01/2014,12:40:00,140.1
14/01/2014,12:45:00,140.05
14/01/2014,12:50:00,139.3
14/01/2014,12:55:00,140.05
14/01/2014,13:00:00,139.75
14/01/2014,13:05:00,139.4
14/01/2014,13:10:00,138.2
14/01/2014,13:15:00,138.25
14/01/2014,13:20:00,137.65
14/01/2014,13:25:00,138.15
14/01/2014,13:30:00,138.75
14/01/2014,13:35:00,138.35
14/01/2014,13:40:00,138.65
14/01/2014,13:45:00,138.65
14/01/2014,13:50:00,138.2
14/01/2014,13:55:00,138.2
14/01/2014,14:00:00,138.35
14/01/2014,14:05:00,138.6
14/01/2014,14:10:00,138.3
14/01/2014,14:15:00,138.45
14/01/2014,14:20:00,139.0
14/01/2014,14:25:00,139.25
14/01/2014,14:30:00,139.25
14/01/2014,14:35:00,138.95
14/01/2014,14:40:00,138.75
14/01/2014,14:45:00,138.8
14/01/2014,14:50:00,138.7
14/01/2014,14:55:00,138.6
14/01/2014,15:00:00,138.65
14/01/2014,15:05:00,138.3
14/01/2014,15:10:00,138.15
14/01/2014,15:15:00,138.15
14/01/2014,15:20:00,138.6
14/01/2014,15:25:00,138.2
14/01/2014,15:30:00,138.1
15/01/2014,09:20:00,141.15
15/01/2014,09:25:00,140.85
15/01/2014,09:30:00,140.75
15/01/2014,09:35:00,141.0
15/01/2014,09:40:00,140.9
15/01/2014,09:45:00,140.85
15/01/2014,09:50:00,140.8
15/01/2014,09:55:00,140.9
15/01/2014,10:00:00,141.25
15/01/2014,10:05:00,140.95
15/01/2014,10:10:00,140.95
15/01/2014,10:15:00,141.05
15/01/2014,10:20:00,141.25
15/01/2014,10:25:00,141.25
15/01/2014,10:30:00,141.25
15/01/2014,10:35:00,141.35
15/01/2014,10:40:00,141.75
15/01/2014,10:45:00,141.8
15/01/2014,10:50:00,141.75
15/01/2014,10:55:00,141.6
15/01/2014,11:00:00,141.8
15/01/2014,11:05:00,141.8
15/01/2014,11:10:00,141.9
15/01/2014,11:15:00,142.3
15/01/2014,11:20:00,143.5
15/01/2014,11:25:00,143.5
15/01/2014,11:30:00,143.15
15/01/2014,11:35:00,143.1
15/01/2014,11:40:00,143.0
15/01/2014,11:45:00,143.0
15/01/2014,11:50:00,142.8
15/01/2014,11:55:00,142.3
15/01/2014,12:00:00,142.7
15/01/2014,12:05:00,142.6
15/01/2014,12:10:00,142.8
15/01/2014,12:15:00,143.1
15/01/2014,12:20:00,143.0
15/01/2014,12:25:00,142.95
15/01/2014,12:30:00,143.05
15/01/2014,12:35:00,143.05
15/01/2014,12:40:00,142.65
15/01/2014,12:45:00,142.45
15/01/2014,12:50:00,142.8
15/01/2014,12:55:00,142.6
15/01/2014,13:00:00,142.5
15/01/2014,13:05:00,142.25
15/01/2014,13:10:00,142.6
15/01/2014,13:15:00,142.5
15/01/2014,13:20:00,142.6
15/01/2014,13:25:00,142.5
15/01/2014,13:30:00,142.0
15/01/2014,13:35:00,142.0
15/01/2014,13:40:00,141.95
15/01/2014,13:45:00,142.0
15/01/2014,13:50:00,142.0
15/01/2014,13:55:00,142.0
15/01/2014,14:00:00,142.0
15/01/2014,14:05:00,142.0
15/01/2014,14:10:00,141.95
15/01/2014,14:15:00,142.0
15/01/2014,14:20:00,142.0
15/01/2014,14:25:00,142.6
15/01/2014,14:30:00,143.2
15/01/2014,14:35:00,143.0
15/01/2014,14:40:00,143.0
15/01/2014,14:45:00,143.0
15/01/2014,14:50:00,143.0
15/01/2014,14:55:00,143.0
15/01/2014,15:00:00,142.95
15/01/2014,15:05:00,142.9
15/01/2014,15:10:00,142.95
15/01/2014,15:15:00,142.8
15/01/2014,15:20:00,143.0
15/01/2014,15:25:00,141.95
15/01/2014,15:30:00,142.15
16/01/2014,09:20:00,143.15
16/01/2014,09:25:00,142.6
16/01/2014,09:30:00,142.65
16/01/2014,09:35:00,143.1
16/01/2014,09:40:00,143.05
16/01/2014,09:45:00,142.85
16/01/2014,09:50:00,142.95
16/01/2014,09:55:00,142.95
16/01/2014,10:00:00,142.95
16/01/2014,10:05:00,142.85
16/01/2014,10:10:00,142.85
16/01/2014,10:15:00,142.9
16/01/2014,10:20:00,142.7
16/01/2014,10:25:00,142.75
16/01/2014,10:30:00,142.65
16/01/2014,10:35:00,142.5
16/01/2014,10:40:00,143.0
16/01/2014,10:45:00,142.95
16/01/2014,10:50:00,142.95
16/01/2014,10:55:00,142.95
16/01/2014,11:00:00,142.95
16/01/2014,11:05:00,143.0
16/01/2014,11:10:00,143.0
16/01/2014,11:15:00,143.0
16/01/2014,11:20:00,143.0
16/01/2014,11:25:00,142.95
16/01/2014,11:30:00,143.25
16/01/2014,11:35:00,143.35
16/01/2014,11:40:00,143.35
16/01/2014,11:45:00,143.4
16/01/2014,11:50:00,143.4
16/01/2014,11:55:00,143.5
16/01/2014,12:00:00,143.45
16/01/2014,12:05:00,143.45
16/01/2014,12:10:00,143.4
16/01/2014,12:15:00,143.15
16/01/2014,12:20:00,143.5
16/01/2014,12:25:00,143.75
16/01/2014,12:30:00,143.8
16/01/2014,12:35:00,143.8
16/01/2014,12:40:00,143.85
16/01/2014,12:45:00,143.85
16/01/2014,12:50:00,144.25
16/01/2014,12:55:00,144.25
16/01/2014,13:00:00,144.15
16/01/2014,13:05:00,144.45
16/01/2014,13:10:00,144.15
16/01/2014,13:15:00,144.1
16/01/2014,13:20:00,144.35
16/01/2014,13:25:00,144.4
16/01/2014,13:30:00,145.2
16/01/2014,13:35:00,145.3
16/01/2014,13:40:00,145.45
16/01/2014,13:45:00,146.1
16/01/2014,13:50:00,146.2
16/01/2014,13:55:00,146.35
16/01/2014,14:00:00,146.35
16/01/2014,14:05:00,146.4
16/01/2014,14:10:00,146.15
16/01/2014,14:15:00,146.5
16/01/2014,14:20:00,146.8
16/01/2014,14:25:00,146.25
16/01/2014,14:30:00,145.85
16/01/2014,14:35:00,145.9
16/01/2014,14:40:00,145.95
16/01/2014,14:45:00,145.6
16/01/2014,14:50:00,145.75
16/01/2014,14:55:00,145.8
16/01/2014,15:00:00,145.75
16/01/2014,15:05:00,144.45
16/01/2014,15:10:00,144.4
16/01/2014,15:15:00,144.65
16/01/2014,15:20:00,144.5
16/01/2014,15:25:00,144.5
16/01/2014,15:30:00,144.8
17/01/2014,09:20:00,146.3
17/01/2014,09:25:00,146.55
17/01/2014,09:30:00,146.15
17/01/2014,09:35:00,146.15
17/01/2014,09:40:00,146.15
17/01/2014,09:45:00,145.65
17/01/2014,09:50:00,145.7
17/01/2014,09:55:00,145.65
17/01/2014,10:00:00,145.45
17/01/2014,10:05:00,145.4
17/01/2014,10:10:00,146.0
17/01/2014,10:15:00,145.3
17/01/2014,10:20:00,145.7
17/01/2014,10:25:00,145.6
17/01/2014,10:30:00,145.6
17/01/2014,10:35:00,145.8
17/01/2014,10:40:00,145.4
17/01/2014,10:45:00,145.4
17/01/2014,10:50:00,145.4
17/01/2014,10:55:00,145.3
17/01/2014,11:00:00,145.35
17/01/2014,11:05:00,145.2
17/01/2014,11:10:00,143.95
17/01/2014,11:15:00,144.15
17/01/2014,11:20:00,144.9
17/01/2014,11:25:00,144.8
17/01/2014,11:30:00,144.9
17/01/2014,11:35:00,144.85
17/01/2014,11:40:00,145.0
17/01/2014,11:45:00,145.0
17/01/2014,11:50:00,144.8
17/01/2014,11:55:00,144.8
17/01/2014,12:00:00,144.95
17/01/2014,12:05:00,145.3
17/01/2014,12:10:00,145.05
17/01/2014,12:15:00,145.0
17/01/2014,12:20:00,144.9
17/01/2014,12:25:00,144.6
17/01/2014,12:30:00,144.95
17/01/2014,12:35:00,145.0
17/01/2014,12:40:00,145.05
17/01/2014,12:45:00,145.15
17/01/2014,12:50:00,145.9
17/01/2014,12:55:00,145.3
17/01/2014,13:00:00,145.4
17/01/2014,13:05:00,145.15
17/01/2014,13:10:00,145.25
17/01/2014,13:15:00,145.0
17/01/2014,13:20:00,145.3
17/01/2014,13:25:00,145.45
17/01/2014,13:30:00,145.5
17/01/2014,13:35:00,145.85
17/01/2014,13:40:00,145.9
17/01/2014,13:45:00,145.8
17/01/2014,13:50:00,145.95
17/01/2014,13:55:00,145.9
17/01/2014,14:00:00,145.85
17/01/2014,14:05:00,145.85
17/01/2014,14:10:00,145.95
17/01/2014,14:15:00,145.9
17/01/2014,14:20:00,146.0
17/01/2014,14:25:00,146.0
17/01/2014,14:30:00,145.85
17/01/2014,14:35:00,145.7
17/01/2014,14:40:00,145.45
17/01/2014,14:45:00,145.75
17/01/2014,14:50:00,145.6
17/01/2014,14:55:00,145.4
17/01/2014,15:00:00,145.8
17/01/2014,15:05:00,145.2
17/01/2014,15:10:00,145.6
17/01/2014,15:15:00,145.6
17/01/2014,15:20:00,145.3
17/01/2014,15:25:00,145.65
17/01/2014,15:30:00,145.2
20/01/2014,09:20:00,143.75
20/01/2014,09:25:00,143.85
20/01/2014,09:30:00,143.6
20/01/2014,09:35:00,143.75
20/01/2014,09:40:00,144.45
20/01/2014,09:45:00,144.35
20/01/2014,09:50:00,144.0
20/01/2014,09:55:00,143.85
20/01/2014,10:00:00,143.8
20/01/2014,10:05:00,143.8
20/01/2014,10:10:00,143.15
20/01/2014,10:15:00,143.1
20/01/2014,10:20:00,143.3
20/01/2014,10:25:00,143.3
20/01/2014,10:30:00,143.65
20/01/2014,10:35:00,143.65
20/01/2014,10:40:00,143.6
20/01/2014,10:45:00,143.75
20/01/2014,10:50:00,143.75
20/01/2014,10:55:00,143.75
20/01/2014,11:00:00,143.95
20/01/2014,11:05:00,144.4
20/01/2014,11:10:00,144.05
20/01/2014,11:15:00,143.9
20/01/2014,11:20:00,143.9
20/01/2014,11:25:00,144.2
20/01/2014,11:30:00,144.15
20/01/2014,11:35:00,144.1
20/01/2014,11:40:00,144.05
20/01/2014,11:45:00,144.1
20/01/2014,11:50:00,143.95
20/01/2014,11:55:00,144.3
20/01/2014,12:00:00,144.25
20/01/2014,12:05:00,143.9
20/01/2014,12:10:00,143.5
20/01/2014,12:15:00,143.35
20/01/2014,12:20:00,143.25
20/01/2014,12:25:00,143.0
20/01/2014,12:30:00,142.9
20/01/2014,12:35:00,142.6
20/01/2014,12:40:00,142.5
20/01/2014,12:45:00,141.7
20/01/2014,12:50:00,141.8
20/01/2014,12:55:00,141.95
20/01/2014,13:00:00,142.0
20/01/2014,13:05:00,141.65
20/01/2014,13:10:00,141.65
20/01/2014,13:15:00,141.85
20/01/2014,13:20:00,142.3
20/01/2014,13:25:00,142.0
20/01/2014,13:30:00,141.95
20/01/2014,13:35:00,142.0
20/01/2014,13:40:00,141.8
20/01/2014,13:45:00,141.85
20/01/2014,13:50:00,142.15
20/01/2014,13:55:00,142.2
20/01/2014,14:00:00,142.45
20/01/2014,14:05:00,142.5
20/01/2014,14:10:00,142.45
20/01/2014,14:15:00,143.05
20/01/2014,14:20:00,142.45
20/01/2014,14:25:00,142.5
20/01/2014,14:30:00,142.5
20/01/2014,14:35:00,142.95
20/01/2014,14:40:00,142.75
20/01/2014,14:45:00,142.75
20/01/2014,14:50:00,142.95
20/01/2014,14:55:00,143.55
20/01/2014,15:00:00,143.5
20/01/2014,15:05:00,143.3
20/01/2014,15:10:00,143.25
20/01/2014,15:15:00,143.75
20/01/2014,15:20:00,144.0
20/01/2014,15:25:00,144.0
20/01/2014,15:30:00,144.15
21/01/2014,09:20:00,143.85
21/01/2014,09:25:00,145.15
21/01/2014,09:30:00,145.7
21/01/2014,09:35:00,145.65
21/01/2014,09:40:00,145.7
21/01/2014,09:45:00,145.5
21/01/2014,09:50:00,144.85
21/01/2014,09:55:00,144.75
21/01/2014,10:00:00,144.6
21/01/2014,10:05:00,144.4
21/01/2014,10:10:00,144.0
21/01/2014,10:15:00,144.6
21/01/2014,10:20:00,144.3
21/01/2014,10:25:00,143.8
21/01/2014,10:30:00,143.9
21/01/2014,10:35:00,144.1
21/01/2014,10:40:00,144.35
21/01/2014,10:45:00,144.55
21/01/2014,10:50:00,144.5
21/01/2014,10:55:00,144.25
21/01/2014,11:00:00,144.25
21/01/2014,11:05:00,144.2
21/01/2014,11:10:00,144.05
21/01/2014,11:15:00,144.4
21/01/2014,11:20:00,144.2
21/01/2014,11:25:00,143.7
21/01/2014,11:30:00,143.9
21/01/2014,11:35:00,143.65
21/01/2014,11:40:00,143.3
21/01/2014,11:45:00,143.55
21/01/2014,11:50:00,143.4
21/01/2014,11:55:00,143.45
21/01/2014,12:00:00,143.1
21/01/2014,12:05:00,142.95
21/01/2014,12:10:00,142.95
21/01/2014,12:15:00,143.3
21/01/2014,12:20:00,143.4
21/01/2014,12:25:00,143.3
21/01/2014,12:30:00,143.5
21/01/2014,12:35:00,143.85
21/01/2014,12:40:00,144.4
21/01/2014,12:45:00,144.2
21/01/2014,12:50:00,144.35
21/01/2014,12:55:00,144.6
21/01/2014,13:00:00,145.0
21/01/2014,13:05:00,144.9
21/01/2014,13:10:00,145.0
21/01/2014,13:15:00,145.0
21/01/2014,13:20:00,145.0
21/01/2014,13:25:00,144.6
21/01/2014,13:30:00,144.5
21/01/2014,13:35:00,144.45
21/01/2014,13:40:00,144.5
21/01/2014,13:45:00,144.55
21/01/2014,13:50:00,144.5
21/01/2014,13:55:00,144.65
21/01/2014,14:00:00,144.7
21/01/2014,14:05:00,144.65
21/01/2014,14:10:00,144.65
21/01/2014,14:15:00,144.7
21/01/2014,14:20:00,144.65
21/01/2014,14:25:00,144.75
21/01/2014,14:30:00,144.7
21/01/2014,14:35:00,144.7
21/01/2014,14:40:00,144.7
21/01/2014,14:45:00,144.75
21/01/2014,14:50:00,144.75
21/01/2014,14:55:00,144.7
21/01/2014,15:00:00,144.7
21/01/2014,15:05:00,144.55
21/01/2014,15:10:00,144.55
21/01/2014,15:15:00,144.75
21/01/2014,15:20:00,145.0
21/01/2014,15:25:00,145.05
21/01/2014,15:30:00,145.25
22/01/2014,09:20:00,144.6
22/01/2014,09:25:00,144.05
22/01/2014,09:30:00,144.55
22/01/2014,09:35:00,144.35
22/01/2014,09:40:00,144.3
22/01/2014,09:45:00,144.15
22/01/2014,09:50:00,143.9
22/01/2014,09:55:00,144.25
22/01/2014,10:00:00,144.05
22/01/2014,10:05:00,144.0
22/01/2014,10:10:00,144.0
22/01/2014,10:15:00,144.1
22/01/2014,10:20:00,144.05
22/01/2014,10:25:00,144.75
22/01/2014,10:30:00,144.6
22/01/2014,10:35:00,144.55
22/01/2014,10:40:00,144.7
22/01/2014,10:45:00,144.6
22/01/2014,10:50:00,144.6
22/01/2014,10:55:00,144.55
22/01/2014,11:00:00,144.4
22/01/2014,11:05:00,144.5
22/01/2014,11:10:00,144.25
22/01/2014,11:15:00,144.05
22/01/2014,11:20:00,144.15
22/01/2014,11:25:00,144.1
22/01/2014,11:30:00,144.15
22/01/2014,11:35:00,144.1
22/01/2014,11:40:00,144.1
22/01/2014,11:45:00,144.3
22/01/2014,11:50:00,144.55
22/01/2014,11:55:00,144.5
22/01/2014,12:00:00,144.35
22/01/2014,12:05:00,144.4
22/01/2014,12:10:00,144.55
22/01/2014,12:15:00,144.5
22/01/2014,12:20:00,144.5
22/01/2014,12:25:00,144.4
22/01/2014,12:30:00,144.55
22/01/2014,12:35:00,144.4
22/01/2014,12:40:00,144.5
22/01/2014,12:45:00,144.45
22/01/2014,12:50:00,144.6
22/01/2014,12:55:00,144.6
22/01/2014,13:00:00,144.5
22/01/2014,13:05:00,144.5
22/01/2014,13:10:00,144.5
22/01/2014,13:15:00,144.5
22/01/2014,13:20:00,144.5
22/01/2014,13:25:00,144.4
22/01/2014,13:30:00,144.25
22/01/2014,13:35:00,144.5
22/01/2014,13:40:00,144.5
22/01/2014,13:45:00,144.5
22/01/2014,13:50:00,144.5
22/01/2014,13:55:00,144.5
22/01/2014,14:00:00,144.5
22/01/2014,14:05:00,144.5
22/01/2014,14:10:00,144.5
22/01/2014,14:15:00,144.5
22/01/2014,14:20:00,144.5
22/01/2014,14:25:00,144.5
22/01/2014,14:30:00,144.5
22/01/2014,14:35:00,144.5
22/01/2014,14:40:00,144.65
22/01/2014,14:45:00,144.8
22/01/2014,14:50:00,144.9
22/01/2014,14:55:00,145.0
22/01/2014,15:00:00,145.2
22/01/2014,15:05:00,145.2
22/01/2014,15:10:00,145.1
22/01/2014,15:15:00,145.0
22/01/2014,15:20:00,145.1
22/01/2014,15:25:00,145.1
22/01/2014,15:30:00,145.0
23/01/2014,09:20:00,144.75
23/01/2014,09:25:00,145.1
23/01/2014,09:30:00,144.9
23/01/2014,09:35:00,144.4
23/01/2014,09:40:00,144.2
23/01/2014,09:45:00,144.0
23/01/2014,09:50:00,144.0
23/01/2014,09:55:00,144.0
23/01/2014,10:00:00,143.95
23/01/2014,10:05:00,143.8
23/01/2014,10:10:00,143.8
23/01/2014,10:15:00,143.75
23/01/2014,10:20:00,143.7
23/01/2014,10:25:00,143.6
23/01/2014,10:30:00,143.2
23/01/2014,10:35:00,142.85
23/01/2014,10:40:00,142.9
23/01/2014,10:45:00,142.75
23/01/2014,10:50:00,142.6
23/01/2014,10:55:00,142.7
23/01/2014,11:00:00,143.1
23/01/2014,11:05:00,143.25
23/01/2014,11:10:00,144.05
23/01/2014,11:15:00,145.0
23/01/2014,11:20:00,145.0
23/01/2014,11:25:00,145.25
23/01/2014,11:30:00,146.55
23/01/2014,11:35:00,145.7
23/01/2014,11:40:00,145.1
23/01/2014,11:45:00,145.05
23/01/2014,11:50:00,145.05
23/01/2014,11:55:00,144.55
23/01/2014,12:00:00,144.6
23/01/2014,12:05:00,144.6
23/01/2014,12:10:00,144.8
23/01/2014,12:15:00,144.95
23/01/2014,12:20:00,145.0
23/01/2014,12:25:00,145.0
23/01/2014,12:30:00,145.0
23/01/2014,12:35:00,145.0
23/01/2014,12:40:00,145.0
23/01/2014,12:45:00,145.0
23/01/2014,12:50:00,145.0
23/01/2014,12:55:00,144.55
23/01/2014,13:00:00,144.55
23/01/2014,13:05:00,144.5
23/01/2014,13:10:00,144.5
23/01/2014,13:15:00,144.6
23/01/2014,13:20:00,144.6
23/01/2014,13:25:00,144.55
23/01/2014,13:30:00,144.6
23/01/2014,13:35:00,144.6
23/01/2014,13:40:00,145.05
23/01/2014,13:45:00,144.8
23/01/2014,13:50:00,144.75
23/01/2014,13:55:00,144.8
23/01/2014,14:00:00,144.75
23/01/2014,14:05:00,144.75
23/01/2014,14:10:00,144.75
23/01/2014,14:15:00,144.7
23/01/2014,14:20:00,144.85
23/01/2014,14:25:00,145.0
23/01/2014,14:30:00,145.0
23/01/2014,14:35:00,145.05
23/01/2014,14:40:00,145.0
23/01/2014,14:45:00,144.5
23/01/2014,14:50:00,144.5
23/01/2014,14:55:00,144.55
23/01/2014,15:00:00,144.7
23/01/2014,15:05:00,145.15
23/01/2014,15:10:00,145.0
23/01/2014,15:15:00,145.05
23/01/2014,15:20:00,145.05
23/01/2014,15:25:00,145.4
23/01/2014,15:30:00,145.6
24/01/2014,09:20:00,144.0
24/01/2014,09:25:00,144.2
24/01/2014,09:30:00,144.9
24/01/2014,09:35:00,144.45
24/01/2014,09:40:00,144.4
24/01/2014,09:45:00,144.25
24/01/2014,09:50:00,144.25
24/01/2014,09:55:00,144.1
24/01/2014,10:00:00,144.05
24/01/2014,10:05:00,144.1
24/01/2014,10:10:00,144.0
24/01/2014,10:15:00,144.0
24/01/2014,10:20:00,143.75
24/01/2014,10:25:00,143.9
24/01/2014,10:30:00,143.85
24/01/2014,10:35:00,143.8
24/01/2014,10:40:00,143.95
24/01/2014,10:45:00,143.95
24/01/2014,10:50:00,144.0
24/01/2014,10:55:00,143.95
24/01/2014,11:00:00,143.8
24/01/2014,11:05:00,143.65
24/01/2014,11:10:00,143.65
24/01/2014,11:15:00,143.7
24/01/2014,11:20:00,143.55
24/01/2014,11:25:00,143.75
24/01/2014,11:30:00,143.7
24/01/2014,11:35:00,143.7
24/01/2014,11:40:00,143.85
24/01/2014,11:45:00,144.0
24/01/2014,11:50:00,144.0
24/01/2014,11:55:00,144.0
24/01/2014,12:00:00,144.1
24/01/2014,12:05:00,144.0
24/01/2014,12:10:00,144.0
24/01/2014,12:15:00,144.05
24/01/2014,12:20:00,144.1
24/01/2014,12:25:00,144.5
24/01/2014,12:30:00,145.05
24/01/2014,12:35:00,145.05
24/01/2014,12:40:00,145.0
24/01/2014,12:45:00,145.05
24/01/2014,12:50:00,145.05
24/01/2014,12:55:00,145.0
24/01/2014,13:00:00,145.2
24/01/2014,13:05:00,145.05
24/01/2014,13:10:00,144.7
24/01/2014,13:15:00,144.6
24/01/2014,13:20:00,144.95
24/01/2014,13:25:00,145.0
24/01/2014,13:30:00,145.3
24/01/2014,13:35:00,145.95
24/01/2014,13:40:00,146.45
24/01/2014,13:45:00,146.0
24/01/2014,13:50:00,145.6
24/01/2014,13:55:00,145.9
24/01/2014,14:00:00,145.8
24/01/2014,14:05:00,145.9
24/01/2014,14:10:00,145.95
24/01/2014,14:15:00,145.85
24/01/2014,14:20:00,145.9
24/01/2014,14:25:00,146.2
24/01/2014,14:30:00,145.7
24/01/2014,14:35:00,145.55
24/01/2014,14:40:00,144.75
24/01/2014,14:45:00,145.3
24/01/2014,14:50:00,145.45
24/01/2014,14:55:00,145.5
24/01/2014,15:00:00,145.6
24/01/2014,15:05:00,145.7
24/01/2014,15:10:00,145.45
24/01/2014,15:15:00,145.55
24/01/2014,15:20:00,145.45
24/01/2014,15:25:00,145.85
24/01/2014,15:30:00,145.9
27/01/2014,09:20:00,143.7
27/01/2014,09:25:00,142.3
27/01/2014,09:30:00,141.85
27/01/2014,09:35:00,142.15
27/01/2014,09:40:00,142.85
27/01/2014,09:45:00,142.85
27/01/2014,09:50:00,142.4
27/01/2014,09:55:00,142.3
27/01/2014,10:00:00,142.5
27/01/2014,10:05:00,142.4
27/01/2014,10:10:00,142.35
27/01/2014,10:15:00,142.35
27/01/2014,10:20:00,142.15
27/01/2014,10:25:00,141.4
27/01/2014,10:30:00,141.55
27/01/2014,10:35:00,141.25
27/01/2014,10:40:00,141.55
27/01/2014,10:45:00,140.7
27/01/2014,10:50:00,140.5
27/01/2014,10:55:00,140.65
27/01/2014,11:00:00,140.7
27/01/2014,11:05:00,140.9
27/01/2014,11:10:00,141.15
27/01/2014,11:15:00,141.15
27/01/2014,11:20:00,141.15
27/01/2014,11:25:00,141.05
27/01/2014,11:30:00,141.15
27/01/2014,11:35:00,141.15
27/01/2014,11:40:00,141.15
27/01/2014,11:45:00,141.0
27/01/2014,11:50:00,141.0
27/01/2014,11:55:00,141.0
27/01/2014,12:00:00,141.0
27/01/2014,12:05:00,141.7
27/01/2014,12:10:00,141.9
27/01/2014,12:15:00,141.9
27/01/2014,12:20:00,141.95
27/01/2014,12:25:00,141.95
27/01/2014,12:30:00,142.0
27/01/2014,12:35:00,142.2
27/01/2014,12:40:00,142.25
27/01/2014,12:45:00,142.55
27/01/2014,12:50:00,142.5
27/01/2014,12:55:00,142.5
27/01/2014,13:00:00,142.0
27/01/2014,13:05:00,141.9
27/01/2014,13:10:00,142.0
27/01/2014,13:15:00,142.05
27/01/2014,13:20:00,141.9
27/01/2014,13:25:00,141.55
27/01/2014,13:30:00,141.5
27/01/2014,13:35:00,141.55
27/01/2014,13:40:00,141.5
27/01/2014,13:45:00,141.65
27/01/2014,13:50:00,141.5
27/01/2014,13:55:00,141.7
27/01/2014,14:00:00,141.9
27/01/2014,14:05:00,141.8
27/01/2014,14:10:00,142.0
27/01/2014,14:15:00,141.8
27/01/2014,14:20:00,142.05
27/01/2014,14:25:00,142.05
27/01/2014,14:30:00,142.45
27/01/2014,14:35:00,142.5
27/01/2014,14:40:00,142.5
27/01/2014,14:45:00,142.1
27/01/2014,14:50:00,142.25
27/01/2014,14:55:00,142.05
27/01/2014,15:00:00,142.05
27/01/2014,15:05:00,141.75
27/01/2014,15:10:00,142.1
27/01/2014,15:15:00,142.25
27/01/2014,15:20:00,141.9
27/01/2014,15:25:00,142.8
27/01/2014,15:30:00,140.2
28/01/2014,09:20:00,142.65
28/01/2014,09:25:00,142.7
28/01/2014,09:30:00,142.9
28/01/2014,09:35:00,141.55
28/01/2014,09:40:00,141.8
28/01/2014,09:45:00,141.75
28/01/2014,09:50:00,141.95
28/01/2014,09:55:00,141.95
28/01/2014,10:00:00,141.85
28/01/2014,10:05:00,141.85
28/01/2014,10:10:00,141.9
28/01/2014,10:15:00,142.5
28/01/2014,10:20:00,142.85
28/01/2014,10:25:00,142.85
28/01/2014,10:30:00,142.75
28/01/2014,10:35:00,142.85
28/01/2014,10:40:00,142.65
28/01/2014,10:45:00,142.5
28/01/2014,10:50:00,142.7
28/01/2014,10:55:00,143.05
28/01/2014,11:00:00,142.85
28/01/2014,11:05:00,142.3
28/01/2014,11:10:00,141.65
28/01/2014,11:15:00,142.45
28/01/2014,11:20:00,142.9
28/01/2014,11:25:00,142.9
28/01/2014,11:30:00,142.85
28/01/2014,11:35:00,142.85
28/01/2014,11:40:00,142.6
28/01/2014,11:45:00,141.9
28/01/2014,11:50:00,141.95
28/01/2014,11:55:00,141.8
28/01/2014,12:00:00,141.85
28/01/2014,12:05:00,142.0
28/01/2014,12:10:00,141.95
28/01/2014,12:15:00,141.9
28/01/2014,12:20:00,141.85
28/01/2014,12:25:00,142.0
28/01/2014,12:30:00,142.0
28/01/2014,12:35:00,141.85
28/01/2014,12:40:00,141.85
28/01/2014,12:45:00,141.7
28/01/2014,12:50:00,141.9
28/01/2014,12:55:00,141.95
28/01/2014,13:00:00,141.9
28/01/2014,13:05:00,141.95
28/01/2014,13:10:00,142.0
28/01/2014,13:15:00,142.0
28/01/2014,13:20:00,141.85
28/01/2014,13:25:00,141.95
28/01/2014,13:30:00,142.0
28/01/2014,13:35:00,142.0
28/01/2014,13:40:00,142.0
28/01/2014,13:45:00,141.95
28/01/2014,13:50:00,141.95
28/01/2014,13:55:00,141.95
28/01/2014,14:00:00,141.9
28/01/2014,14:05:00,141.9
28/01/2014,14:10:00,141.85
28/01/2014,14:15:00,141.8
28/01/2014,14:20:00,141.8
28/01/2014,14:25:00,141.75
28/01/2014,14:30:00,141.65
28/01/2014,14:35:00,141.55
28/01/2014,14:40:00,141.65
28/01/2014,14:45:00,141.45
28/01/2014,14:50:00,141.75
28/01/2014,14:55:00,141.75
28/01/2014,15:00:00,142.0
28/01/2014,15:05:00,142.0
28/01/2014,15:10:00,141.95
28/01/2014,15:15:00,141.5
28/01/2014,15:20:00,141.5
28/01/2014,15:25:00,141.65
28/01/2014,15:30:00,141.0
29/01/2014,09:20:00,142.25
29/01/2014,09:25:00,142.3
29/01/2014,09:30:00,141.75
29/01/2014,09:35:00,141.75
29/01/2014,09:40:00,141.6
29/01/2014,09:45:00,141.95
29/01/2014,09:50:00,141.7
29/01/2014,09:55:00,141.75
29/01/2014,10:00:00,141.8
29/01/2014,10:05:00,141.6
29/01/2014,10:10:00,141.6
29/01/2014,10:15:00,141.35
29/01/2014,10:20:00,141.2
29/01/2014,10:25:00,141.0
29/01/2014,10:30:00,140.95
29/01/2014,10:35:00,141.0
29/01/2014,10:40:00,141.0
29/01/2014,10:45:00,141.0
29/01/2014,10:50:00,140.95
29/01/2014,10:55:00,141.0
29/01/2014,11:00:00,141.1
29/01/2014,11:05:00,141.15
29/01/2014,11:10:00,141.15
29/01/2014,11:15:00,140.8
29/01/2014,11:20:00,141.0
29/01/2014,11:25:00,140.95
29/01/2014,11:30:00,140.7
29/01/2014,11:35:00,140.7
29/01/2014,11:40:00,140.6
29/01/2014,11:45:00,140.6
29/01/2014,11:50:00,140.9
29/01/2014,11:55:00,140.95
29/01/2014,12:00:00,140.8
29/01/2014,12:05:00,140.8
29/01/2014,12:10:00,140.85
29/01/2014,12:15:00,140.95
29/01/2014,12:20:00,140.85
29/01/2014,12:25:00,140.85
29/01/2014,12:30:00,140.95
29/01/2014,12:35:00,140.95
29/01/2014,12:40:00,140.95
29/01/2014,12:45:00,141.0
29/01/2014,12:50:00,141.65
29/01/2014,12:55:00,141.7
29/01/2014,13:00:00,141.9
29/01/2014,13:05:00,141.9
29/01/2014,13:10:00,142.0
29/01/2014,13:15:00,141.2
29/01/2014,13:20:00,141.05
29/01/2014,13:25:00,142.1
29/01/2014,13:30:00,142.0
29/01/2014,13:35:00,142.05
29/01/2014,13:40:00,142.55
29/01/2014,13:45:00,142.45
29/01/2014,13:50:00,142.35
29/01/2014,13:55:00,142.95
29/01/2014,14:00:00,143.0
29/01/2014,14:05:00,142.6
29/01/2014,14:10:00,142.0
29/01/2014,14:15:00,142.0
29/01/2014,14:20:00,142.05
29/01/2014,14:25:00,142.0
29/01/2014,14:30:00,141.55
29/01/2014,14:35:00,141.65
29/01/2014,14:40:00,141.95
29/01/2014,14:45:00,142.0
29/01/2014,14:50:00,142.0
29/01/2014,14:55:00,142.5
29/01/2014,15:00:00,142.5
29/01/2014,15:05:00,142.5
29/01/2014,15:10:00,142.9
29/01/2014,15:15:00,143.05
29/01/2014,15:20:00,143.0
29/01/2014,15:25:00,143.0
29/01/2014,15:30:00,143.0
30/01/2014,09:20:00,141.55
30/01/2014,09:25:00,142.0
30/01/2014,09:30:00,141.6
30/01/2014,09:35:00,141.5
30/01/2014,09:40:00,141.6
30/01/2014,09:45:00,141.4
30/01/2014,09:50:00,141.65
30/01/2014,09:55:00,141.55
30/01/2014,10:00:00,141.7
30/01/2014,10:05:00,141.8
30/01/2014,10:10:00,141.65
30/01/2014,10:15:00,141.45
30/01/2014,10:20:00,141.35
30/01/2014,10:25:00,140.5
30/01/2014,10:30:00,139.75
30/01/2014,10:35:00,139.85
30/01/2014,10:40:00,140.0
30/01/2014,10:45:00,139.8
30/01/2014,10:50:00,140.0
30/01/2014,10:55:00,140.2
30/01/2014,11:00:00,140.0
30/01/2014,11:05:00,139.95
30/01/2014,11:10:00,140.0
30/01/2014,11:15:00,140.0
30/01/2014,11:20:00,139.95
30/01/2014,11:25:00,141.0
30/01/2014,11:30:00,141.5
30/01/2014,11:35:00,141.1
30/01/2014,11:40:00,141.35
30/01/2014,11:45:00,142.0
30/01/2014,11:50:00,141.85
30/01/2014,11:55:00,142.0
30/01/2014,12:00:00,142.0
30/01/2014,12:05:00,142.05
30/01/2014,12:10:00,142.3
30/01/2014,12:15:00,142.35
30/01/2014,12:20:00,141.95
30/01/2014,12:25:00,142.15
30/01/2014,12:30:00,142.15
30/01/2014,12:35:00,142.4
30/01/2014,12:40:00,142.0
30/01/2014,12:45:00,142.45
30/01/2014,12:50:00,142.25
30/01/2014,12:55:00,142.15
30/01/2014,13:00:00,142.35
30/01/2014,13:05:00,142.4
30/01/2014,13:10:00,142.45
30/01/2014,13:15:00,142.45
30/01/2014,13:20:00,142.7
30/01/2014,13:25:00,143.45
30/01/2014,13:30:00,142.65
30/01/2014,13:35:00,143.2
30/01/2014,13:40:00,142.9
30/01/2014,13:45:00,143.0
30/01/2014,13:50:00,142.9
30/01/2014,13:55:00,142.8
30/01/2014,14:00:00,143.05
30/01/2014,14:05:00,143.0
30/01/2014,14:10:00,142.9
30/01/2014,14:15:00,142.9
30/01/2014,14:20:00,142.9
30/01/2014,14:25:00,142.8
30/01/2014,14:30:00,142.65
30/01/2014,14:35:00,142.9
30/01/2014,14:40:00,142.8
30/01/2014,14:45:00,142.0
30/01/2014,14:50:00,142.15
30/01/2014,14:55:00,142.0
30/01/2014,15:00:00,142.0
30/01/2014,15:05:00,142.0
30/01/2014,15:10:00,142.15
30/01/2014,15:15:00,142.05
30/01/2014,15:20:00,142.0
30/01/2014,15:25:00,142.1
30/01/2014,15:30:00,142.6
31/01/2014,09:20:00,141.65
31/01/2014,09:25:00,142.55
31/01/2014,09:30:00,142.4
31/01/2014,09:35:00,143.1
31/01/2014,09:40:00,143.7
31/01/2014,09:45:00,143.5
31/01/2014,09:50:00,143.0
31/01/2014,09:55:00,143.0
31/01/2014,10:00:00,142.85
31/01/2014,10:05:00,142.9
31/01/2014,10:10:00,143.1
31/01/2014,10:15:00,143.85
31/01/2014,10:20:00,144.3
31/01/2014,10:25:00,144.25
31/01/2014,10:30:00,144.3
31/01/2014,10:35:00,144.15
31/01/2014,10:40:00,144.35
31/01/2014,10:45:00,143.55
31/01/2014,10:50:00,143.6
31/01/2014,10:55:00,143.95
31/01/2014,11:00:00,143.5
31/01/2014,11:05:00,143.7
31/01/2014,11:10:00,143.65
31/01/2014,11:15:00,143.95
31/01/2014,11:20:00,143.65
31/01/2014,11:25:00,143.9
31/01/2014,11:30:00,144.0
31/01/2014,11:35:00,144.0
31/01/2014,11:40:00,144.0
31/01/2014,11:45:00,144.05
31/01/2014,11:50:00,144.25
31/01/2014,11:55:00,144.0
31/01/2014,12:00:00,144.0
31/01/2014,12:05:00,143.95
31/01/2014,12:10:00,144.0
31/01/2014,12:15:00,143.9
31/01/2014,12:20:00,144.2
31/01/2014,12:25:00,144.65
31/01/2014,12:30:00,144.4
31/01/2014,12:35:00,144.6
31/01/2014,12:40:00,144.55
31/01/2014,12:45:00,144.6
31/01/2014,12:50:00,144.7
31/01/2014,12:55:00,144.7
31/01/2014,13:00:00,144.75
31/01/2014,13:05:00,144.65
31/01/2014,13:10:00,144.55
31/01/2014,13:15:00,144.5
31/01/2014,13:20:00,144.25
31/01/2014,13:25:00,144.05
31/01/2014,13:30:00,144.0
31/01/2014,13:35:00,144.25
31/01/2014,13:40:00,144.3
31/01/2014,13:45:00,144.25
31/01/2014,13:50:00,144.3
31/01/2014,13:55:00,144.45
31/01/2014,14:00:00,144.5
31/01/2014,14:05:00,144.35
31/01/2014,14:10:00,144.4
31/01/2014,14:15:00,144.45
31/01/2014,14:20:00,144.45
31/01/2014,14:25:00,144.6
31/01/2014,14:30:00,144.5
31/01/2014,14:35:00,144.5
31/01/2014,14:40:00,144.75
31/01/2014,14:45:00,144.9
31/01/2014,14:50:00,145.1
31/01/2014,14:55:00,144.9
31/01/2014,15:00:00,145.1
31/01/2014,15:05:00,145.15
31/01/2014,15:10:00,144.9
31/01/2014,15:15:00,144.5
31/01/2014,15:20:00,144.95
31/01/2014,15:25:00,144.7
31/01/2014,15:30:00,144.3
03/02/2014,09:20:00,143.5
03/02/2014,09:25:00,143.85
03/02/2014,09:30:00,143.7
03/02/2014,09:35:00,144.05
03/02/2014,09:40:00,144.0
03/02/2014,09:45:00,143.6
03/02/2014,09:50:00,143.5
03/02/2014,09:55:00,143.5
03/02/2014,10:00:00,143.1
03/02/2014,10:05:00,143.4
03/02/2014,10:10:00,143.0
03/02/2014,10:15:00,143.15
03/02/2014,10:20:00,143.15
03/02/2014,10:25:00,142.9
03/02/2014,10:30:00,143.0
03/02/2014,10:35:00,143.0
03/02/2014,10:40:00,143.2
03/02/2014,10:45:00,142.95
03/02/2014,10:50:00,143.05
03/02/2014,10:55:00,143.1
03/02/2014,11:00:00,143.05
03/02/2014,11:05:00,143.15
03/02/2014,11:10:00,143.8
03/02/2014,11:15:00,144.0
03/02/2014,11:20:00,144.1
03/02/2014,11:25:00,144.0
03/02/2014,11:30:00,144.05
03/02/2014,11:35:00,144.05
03/02/2014,11:40:00,143.85
03/02/2014,11:45:00,143.7
03/02/2014,11:50:00,143.55
03/02/2014,11:55:00,143.45
03/02/2014,12:00:00,143.65
03/02/2014,12:05:00,143.5
03/02/2014,12:10:00,143.5
03/02/2014,12:15:00,143.5
03/02/2014,12:20:00,143.45
03/02/2014,12:25:00,143.6
03/02/2014,12:30:00,143.7
03/02/2014,12:35:00,143.9
03/02/2014,12:40:00,144.0
03/02/2014,12:45:00,143.55
03/02/2014,12:50:00,143.75
03/02/2014,12:55:00,143.75
03/02/2014,13:00:00,143.65
03/02/2014,13:05:00,143.55
03/02/2014,13:10:00,143.85
03/02/2014,13:15:00,143.8
03/02/2014,13:20:00,143.8
03/02/2014,13:25:00,143.75
03/02/2014,13:30:00,143.75
03/02/2014,13:35:00,143.95
03/02/2014,13:40:00,144.0
03/02/2014,13:45:00,144.0
03/02/2014,13:50:00,143.9
03/02/2014,13:55:00,144.05
03/02/2014,14:00:00,143.95
03/02/2014,14:05:00,143.95
03/02/2014,14:10:00,143.9
03/02/2014,14:15:00,144.0
03/02/2014,14:20:00,143.9
03/02/2014,14:25:00,143.8
03/02/2014,14:30:00,143.8
03/02/2014,14:35:00,143.8
03/02/2014,14:40:00,144.1
03/02/2014,14:45:00,144.0
03/02/2014,14:50:00,144.0
03/02/2014,14:55:00,143.65
03/02/2014,15:00:00,143.9
03/02/2014,15:05:00,143.5
03/02/2014,15:10:00,142.5
03/02/2014,15:15:00,142.0
03/02/2014,15:20:00,141.75
03/02/2014,15:25:00,140.95
03/02/2014,15:30:00,141.95
04/02/2014,09:20:00,139.8
04/02/2014,09:25:00,139.7
04/02/2014,09:30:00,139.5
04/02/2014,09:35:00,139.85
04/02/2014,09:40:00,140.1
04/02/2014,09:45:00,139.8
04/02/2014,09:50:00,139.9
04/02/2014,09:55:00,139.9
04/02/2014,10:00:00,139.75
04/02/2014,10:05:00,139.8
04/02/2014,10:10:00,139.75
04/02/2014,10:15:00,139.8
04/02/2014,10:20:00,139.55
04/02/2014,10:25:00,140.1
04/02/2014,10:30:00,140.7
04/02/2014,10:35:00,141.25
04/02/2014,10:40:00,142.0
04/02/2014,10:45:00,142.2
04/02/2014,10:50:00,142.05
04/02/2014,10:55:00,141.95
04/02/2014,11:00:00,142.0
04/02/2014,11:05:00,141.9
04/02/2014,11:10:00,142.0
04/02/2014,11:15:00,140.65
04/02/2014,11:20:00,141.9
04/02/2014,11:25:00,141.75
04/02/2014,11:30:00,142.75
04/02/2014,11:35:00,142.0
04/02/2014,11:40:00,142.0
04/02/2014,11:45:00,141.8
04/02/2014,11:50:00,141.75
04/02/2014,11:55:00,141.55
04/02/2014,12:00:00,141.65
04/02/2014,12:05:00,141.9
04/02/2014,12:10:00,141.7
04/02/2014,12:15:00,141.9
04/02/2014,12:20:00,141.9
04/02/2014,12:25:00,141.9
04/02/2014,12:30:00,141.95
04/02/2014,12:35:00,141.7
04/02/2014,12:40:00,141.45
04/02/2014,12:45:00,141.3
04/02/2014,12:50:00,141.5
04/02/2014,12:55:00,141.85
04/02/2014,13:00:00,141.95
04/02/2014,13:05:00,141.85
04/02/2014,13:10:00,141.55
04/02/2014,13:15:00,141.2
04/02/2014,13:20:00,141.2
04/02/2014,13:25:00,140.7
04/02/2014,13:30:00,140.5
04/02/2014,13:35:00,140.65
04/02/2014,13:40:00,140.45
04/02/2014,13:45:00,140.3
04/02/2014,13:50:00,140.15
04/02/2014,13:55:00,140.0
04/02/2014,14:00:00,139.7
04/02/2014,14:05:00,139.8
04/02/2014,14:10:00,139.95
04/02/2014,14:15:00,139.7
04/02/2014,14:20:00,139.55
04/02/2014,14:25:00,139.45
04/02/2014,14:30:00,139.9
04/02/2014,14:35:00,139.9
04/02/2014,14:40:00,139.35
04/02/2014,14:45:00,139.65
04/02/2014,14:50:00,139.9
04/02/2014,14:55:00,140.1
04/02/2014,15:00:00,139.9
04/02/2014,15:05:00,140.0
04/02/2014,15:10:00,139.0
04/02/2014,15:15:00,138.85
04/02/2014,15:20:00,137.4
04/02/2014,15:25:00,137.6
04/02/2014,15:30:00,137.7
05/02/2014,09:20:00,137.2
05/02/2014,09:25:00,137.2
05/02/2014,09:30:00,137.2
05/02/2014,09:35:00,137.2
05/02/2014,09:40:00,137.25
05/02/2014,09:45:00,137.3
05/02/2014,09:50:00,137.35
05/02/2014,09:55:00,137.6
05/02/2014,10:00:00,137.15
05/02/2014,10:05:00,136.35
05/02/2014,10:10:00,135.8
05/02/2014,10:15:00,136.75
05/02/2014,10:20:00,136.4
05/02/2014,10:25:00,136.25
05/02/2014,10:30:00,136.05
05/02/2014,10:35:00,136.7
05/02/2014,10:40:00,137.0
05/02/2014,10:45:00,137.7
05/02/2014,10:50:00,137.75
05/02/2014,10:55:00,138.0
05/02/2014,11:00:00,138.05
05/02/2014,11:05:00,139.0
05/02/2014,11:10:00,139.1
05/02/2014,11:15:00,139.0
05/02/2014,11:20:00,138.75
05/02/2014,11:25:00,138.9
05/02/2014,11:30:00,138.9
05/02/2014,11:35:00,139.0
05/02/2014,11:40:00,139.0
05/02/2014,11:45:00,138.75
05/02/2014,11:50:00,139.0
05/02/2014,11:55:00,140.15
05/02/2014,12:00:00,140.0
05/02/2014,12:05:00,140.3
05/02/2014,12:10:00,140.25
05/02/2014,12:15:00,140.0
05/02/2014,12:20:00,140.0
05/02/2014,12:25:00,140.05
05/02/2014,12:30:00,140.0
05/02/2014,12:35:00,140.1
05/02/2014,12:40:00,140.4
05/02/2014,12:45:00,140.4
05/02/2014,12:50:00,141.0
05/02/2014,12:55:00,140.75
05/02/2014,13:00:00,140.85
05/02/2014,13:05:00,140.85
05/02/2014,13:10:00,140.75
05/02/2014,13:15:00,140.25
05/02/2014,13:20:00,140.25
05/02/2014,13:25:00,140.2
05/02/2014,13:30:00,140.25
05/02/2014,13:35:00,140.25
05/02/2014,13:40:00,140.0
05/02/2014,13:45:00,140.0
05/02/2014,13:50:00,140.2
05/02/2014,13:55:00,140.25
05/02/2014,14:00:00,140.1
05/02/2014,14:05:00,140.05
05/02/2014,14:10:00,140.0
05/02/2014,14:15:00,140.0
05/02/2014,14:20:00,140.0
05/02/2014,14:25:00,140.0
05/02/2014,14:30:00,140.0
05/02/2014,14:35:00,140.0
05/02/2014,14:40:00,140.0
05/02/2014,14:45:00,140.05
05/02/2014,14:50:00,140.1
05/02/2014,14:55:00,140.0
05/02/2014,15:00:00,140.05
05/02/2014,15:05:00,140.1
05/02/2014,15:10:00,139.95
05/02/2014,15:15:00,140.05
05/02/2014,15:20:00,140.6
05/02/2014,15:25:00,140.3
05/02/2014,15:30:00,140.9
06/02/2014,09:20:00,141.1
06/02/2014,09:25:00,141.0
06/02/2014,09:30:00,140.85
06/02/2014,09:35:00,141.0
06/02/2014,09:40:00,140.75
06/02/2014,09:45:00,140.95
06/02/2014,09:50:00,140.8
06/02/2014,09:55:00,140.9
06/02/2014,10:00:00,140.75
06/02/2014,10:05:00,140.9
06/02/2014,10:10:00,140.8
06/02/2014,10:15:00,141.0
06/02/2014,10:20:00,141.05
06/02/2014,10:25:00,141.05
06/02/2014,10:30:00,140.7
06/02/2014,10:35:00,140.35
06/02/2014,10:40:00,140.4
06/02/2014,10:45:00,141.05
06/02/2014,10:50:00,141.0
06/02/2014,10:55:00,140.8
06/02/2014,11:00:00,141.1
06/02/2014,11:05:00,141.0
06/02/2014,11:10:00,141.4
06/02/2014,11:15:00,141.55
06/02/2014,11:20:00,141.65
06/02/2014,11:25:00,141.5
06/02/2014,11:30:00,141.6
06/02/2014,11:35:00,141.5
06/02/2014,11:40:00,141.65
06/02/2014,11:45:00,141.75
06/02/2014,11:50:00,141.65
06/02/2014,11:55:00,141.7
06/02/2014,12:00:00,141.55
06/02/2014,12:05:00,141.5
06/02/2014,12:10:00,141.7
06/02/2014,12:15:00,141.5
06/02/2014,12:20:00,141.8
06/02/2014,12:25:00,141.95
06/02/2014,12:30:00,141.5
06/02/2014,12:35:00,142.05
06/02/2014,12:40:00,142.4
06/02/2014,12:45:00,142.35
06/02/2014,12:50:00,142.45
06/02/2014,12:55:00,142.25
06/02/2014,13:00:00,142.4
06/02/2014,13:05:00,142.5
06/02/2014,13:10:00,143.0
06/02/2014,13:15:00,143.4
06/02/2014,13:20:00,143.6
06/02/2014,13:25:00,143.5
06/02/2014,13:30:00,143.25
06/02/2014,13:35:00,143.15
06/02/2014,13:40:00,143.2
06/02/2014,13:45:00,143.25
06/02/2014,13:50:00,143.5
06/02/2014,13:55:00,144.0
06/02/2014,14:00:00,143.7
06/02/2014,14:05:00,143.15
06/02/2014,14:10:00,142.95
06/02/2014,14:15:00,142.9
06/02/2014,14:20:00,142.9
06/02/2014,14:25:00,142.85
06/02/2014,14:30:00,142.9
06/02/2014,14:35:00,143.35
06/02/2014,14:40:00,143.5
06/02/2014,14:45:00,143.5
06/02/2014,14:50:00,143.5
06/02/2014,14:55:00,143.5
06/02/2014,15:00:00,143.5
06/02/2014,15:05:00,143.5
06/02/2014,15:10:00,143.55
06/02/2014,15:15:00,143.5
06/02/2014,15:20:00,143.15
06/02/2014,15:25:00,142.9
06/02/2014,15:30:00,144.0
07/02/2014,09:20:00,143.5
07/02/2014,09:25:00,143.5
07/02/2014,09:30:00,143.3
07/02/2014,09:35:00,143.3
07/02/2014,09:40:00,143.3
07/02/2014,09:45:00,143.1
07/02/2014,09:50:00,143.55
07/02/2014,09:55:00,143.25
07/02/2014,10:00:00,143.8
07/02/2014,10:05:00,143.5
07/02/2014,10:10:00,143.35
07/02/2014,10:15:00,143.35
07/02/2014,10:20:00,143.3
07/02/2014,10:25:00,143.25
07/02/2014,10:30:00,143.15
07/02/2014,10:35:00,143.3
07/02/2014,10:40:00,143.65
07/02/2014,10:45:00,144.0
07/02/2014,10:50:00,144.5
07/02/2014,10:55:00,144.55
07/02/2014,11:00:00,144.75
07/02/2014,11:05:00,145.3
07/02/2014,11:10:00,144.75
07/02/2014,11:15:00,144.9
07/02/2014,11:20:00,144.9
07/02/2014,11:25:00,144.85
07/02/2014,11:30:00,144.85
07/02/2014,11:35:00,145.05
07/02/2014,11:40:00,144.15
07/02/2014,11:45:00,144.75
07/02/2014,11:50:00,144.7
07/02/2014,11:55:00,145.2
07/02/2014,12:00:00,144.7
07/02/2014,12:05:00,144.75
07/02/2014,12:10:00,144.75
07/02/2014,12:15:00,144.5
07/02/2014,12:20:00,144.55
07/02/2014,12:25:00,144.2
07/02/2014,12:30:00,144.05
07/02/2014,12:35:00,144.0
07/02/2014,12:40:00,144.25
07/02/2014,12:45:00,144.5
07/02/2014,12:50:00,144.9
07/02/2014,12:55:00,145.05
07/02/2014,13:00:00,145.0
07/02/2014,13:05:00,144.85
07/02/2014,13:10:00,144.95
07/02/2014,13:15:00,145.0
07/02/2014,13:20:00,145.0
07/02/2014,13:25:00,145.0
07/02/2014,13:30:00,145.0
07/02/2014,13:35:00,145.0
07/02/2014,13:40:00,145.0
07/02/2014,13:45:00,145.0
07/02/2014,13:50:00,145.0
07/02/2014,13:55:00,145.2
07/02/2014,14:00:00,145.0
07/02/2014,14:05:00,145.0
07/02/2014,14:10:00,144.95
07/02/2014,14:15:00,145.0
07/02/2014,14:20:00,145.0
07/02/2014,14:25:00,144.5
07/02/2014,14:30:00,144.5
07/02/2014,14:35:00,144.75
07/02/2014,14:40:00,144.8
07/02/2014,14:45:00,144.85
07/02/2014,14:50:00,144.9
07/02/2014,14:55:00,145.0
07/02/2014,15:00:00,144.8
07/02/2014,15:05:00,145.05
07/02/2014,15:10:00,145.0
07/02/2014,15:15:00,145.0
07/02/2014,15:20:00,145.0
07/02/2014,15:25:00,145.2
07/02/2014,15:30:00,145.35
10/02/2014,09:20:00,146.8
10/02/2014,09:25:00,147.4
10/02/2014,09:30:00,148.2
10/02/2014,09:35:00,148.3
10/02/2014,09:40:00,148.45
10/02/2014,09:45:00,146.25
10/02/2014,09:50:00,147.2
10/02/2014,09:55:00,146.65
10/02/2014,10:00:00,146.5
10/02/2014,10:05:00,146.5
10/02/2014,10:10:00,146.7
10/02/2014,10:15:00,146.3
10/02/2014,10:20:00,145.4
10/02/2014,10:25:00,145.95
10/02/2014,10:30:00,146.3
10/02/2014,10:35:00,146.4
10/02/2014,10:40:00,146.5
10/02/2014,10:45:00,146.45
10/02/2014,10:50:00,146.35
10/02/2014,10:55:00,146.25
10/02/2014,11:00:00,146.35
10/02/2014,11:05:00,146.35
10/02/2014,11:10:00,146.4
10/02/2014,11:15:00,146.4
10/02/2014,11:20:00,146.5
10/02/2014,11:25:00,146.35
10/02/2014,11:30:00,146.25
10/02/2014,11:35:00,146.15
10/02/2014,11:40:00,145.95
10/02/2014,11:45:00,146.0
10/02/2014,11:50:00,145.95
10/02/2014,11:55:00,145.9
10/02/2014,12:00:00,145.7
10/02/2014,12:05:00,145.7
10/02/2014,12:10:00,145.75
10/02/2014,12:15:00,145.9
10/02/2014,12:20:00,145.9
10/02/2014,12:25:00,145.8
10/02/2014,12:30:00,145.65
10/02/2014,12:35:00,145.75
10/02/2014,12:40:00,144.8
10/02/2014,12:45:00,145.1
10/02/2014,12:50:00,145.0
10/02/2014,12:55:00,145.05
10/02/2014,13:00:00,145.55
10/02/2014,13:05:00,145.0
10/02/2014,13:10:00,145.0
10/02/2014,13:15:00,145.05
10/02/2014,13:20:00,145.15
10/02/2014,13:25:00,145.1
10/02/2014,13:30:00,144.9
10/02/2014,13:35:00,144.75
10/02/2014,13:40:00,144.95
10/02/2014,13:45:00,144.95
10/02/2014,13:50:00,144.75
10/02/2014,13:55:00,144.75
10/02/2014,14:00:00,144.85
10/02/2014,14:05:00,144.8
10/02/2014,14:10:00,144.8
10/02/2014,14:15:00,144.8
10/02/2014,14:20:00,144.8
10/02/2014,14:25:00,144.85
10/02/2014,14:30:00,144.9
10/02/2014,14:35:00,144.6
10/02/2014,14:40:00,144.45
10/02/2014,14:45:00,144.55
10/02/2014,14:50:00,144.55
10/02/2014,14:55:00,144.4
10/02/2014,15:00:00,144.4
10/02/2014,15:05:00,144.1
10/02/2014,15:10:00,144.0
10/02/2014,15:15:00,144.2
10/02/2014,15:20:00,143.7
10/02/2014,15:25:00,143.8
10/02/2014,15:30:00,143.55
11/02/2014,09:20:00,145.6
11/02/2014,09:25:00,144.65
11/02/2014,09:30:00,144.25
11/02/2014,09:35:00,144.6
11/02/2014,09:40:00,144.65
11/02/2014,09:45:00,144.7
11/02/2014,09:50:00,144.7
11/02/2014,09:55:00,144.6
11/02/2014,10:00:00,143.6
11/02/2014,10:05:00,143.9
11/02/2014,10:10:00,143.65
11/02/2014,10:15:00,143.7
11/02/2014,10:20:00,143.75
11/02/2014,10:25:00,143.65
11/02/2014,10:30:00,143.85
11/02/2014,10:35:00,143.95
11/02/2014,10:40:00,144.0
11/02/2014,10:45:00,143.85
11/02/2014,10:50:00,144.2
11/02/2014,10:55:00,144.2
11/02/2014,11:00:00,144.3
11/02/2014,11:05:00,144.6
11/02/2014,11:10:00,144.65
11/02/2014,11:15:00,145.1
11/02/2014,11:20:00,145.05
11/02/2014,11:25:00,145.3
11/02/2014,11:30:00,145.1
11/02/2014,11:35:00,145.0
11/02/2014,11:40:00,145.1
11/02/2014,11:45:00,145.1
11/02/2014,11:50:00,145.05
11/02/2014,11:55:00,145.25
11/02/2014,12:00:00,145.0
11/02/2014,12:05:00,145.05
11/02/2014,12:10:00,145.05
11/02/2014,12:15:00,145.05
11/02/2014,12:20:00,145.05
11/02/2014,12:25:00,145.0
11/02/2014,12:30:00,145.1
11/02/2014,12:35:00,145.0
11/02/2014,12:40:00,145.0
11/02/2014,12:45:00,145.0
11/02/2014,12:50:00,145.0
11/02/2014,12:55:00,145.1
11/02/2014,13:00:00,145.1
11/02/2014,13:05:00,144.55
11/02/2014,13:10:00,144.7
11/02/2014,13:15:00,145.0
11/02/2014,13:20:00,145.0
11/02/2014,13:25:00,145.0
11/02/2014,13:30:00,145.0
11/02/2014,13:35:00,145.0
11/02/2014,13:40:00,145.0
11/02/2014,13:45:00,145.0
11/02/2014,13:50:00,145.0
11/02/2014,13:55:00,144.95
11/02/2014,14:00:00,144.95
11/02/2014,14:05:00,145.0
11/02/2014,14:10:00,145.05
11/02/2014,14:15:00,145.0
11/02/2014,14:20:00,144.95
11/02/2014,14:25:00,145.0
11/02/2014,14:30:00,145.0
11/02/2014,14:35:00,144.95
11/02/2014,14:40:00,144.95
11/02/2014,14:45:00,145.0
11/02/2014,14:50:00,144.95
11/02/2014,14:55:00,144.95
11/02/2014,15:00:00,144.65
11/02/2014,15:05:00,145.0
11/02/2014,15:10:00,144.85
11/02/2014,15:15:00,144.95
11/02/2014,15:20:00,144.95
11/02/2014,15:25:00,144.95
11/02/2014,15:30:00,144.7
12/02/2014,09:20:00,146.4
12/02/2014,09:25:00,145.95
12/02/2014,09:30:00,146.0
12/02/2014,09:35:00,146.0
12/02/2014,09:40:00,146.0
12/02/2014,09:45:00,146.15
12/02/2014,09:50:00,146.25
12/02/2014,09:55:00,146.45
12/02/2014,10:00:00,146.2
12/02/2014,10:05:00,146.15
12/02/2014,10:10:00,146.2
12/02/2014,10:15:00,146.1
12/02/2014,10:20:00,146.0
12/02/2014,10:25:00,145.9
12/02/2014,10:30:00,145.95
12/02/2014,10:35:00,145.9
12/02/2014,10:40:00,145.7
12/02/2014,10:45:00,145.7
12/02/2014,10:50:00,145.65
12/02/2014,10:55:00,145.85
12/02/2014,11:00:00,145.95
12/02/2014,11:05:00,145.95
12/02/2014,11:10:00,145.9
12/02/2014,11:15:00,146.0
12/02/2014,11:20:00,146.0
12/02/2014,11:25:00,145.7
12/02/2014,11:30:00,145.3
12/02/2014,11:35:00,145.5
12/02/2014,11:40:00,145.45
12/02/2014,11:45:00,145.6
12/02/2014,11:50:00,145.45
12/02/2014,11:55:00,145.05
12/02/2014,12:00:00,145.5
12/02/2014,12:05:00,145.5
12/02/2014,12:10:00,145.35
12/02/2014,12:15:00,145.45
12/02/2014,12:20:00,145.35
12/02/2014,12:25:00,145.3
12/02/2014,12:30:00,145.1
12/02/2014,12:35:00,145.2
12/02/2014,12:40:00,145.25
12/02/2014,12:45:00,145.15
12/02/2014,12:50:00,145.15
12/02/2014,12:55:00,145.1
12/02/2014,13:00:00,145.15
12/02/2014,13:05:00,145.05
12/02/2014,13:10:00,145.25
12/02/2014,13:15:00,145.15
12/02/2014,13:20:00,145.2
12/02/2014,13:25:00,145.3
12/02/2014,13:30:00,145.1
12/02/2014,13:35:00,145.15
12/02/2014,13:40:00,145.2
12/02/2014,13:45:00,145.15
12/02/2014,13:50:00,145.05
12/02/2014,13:55:00,144.75
12/02/2014,14:00:00,144.7
12/02/2014,14:05:00,144.65
12/02/2014,14:10:00,144.75
12/02/2014,14:15:00,144.6
12/02/2014,14:20:00,144.6
12/02/2014,14:25:00,144.35
12/02/2014,14:30:00,144.5
12/02/2014,14:35:00,144.5
12/02/2014,14:40:00,144.35
12/02/2014,14:45:00,144.5
12/02/2014,14:50:00,144.7
12/02/2014,14:55:00,145.05
12/02/2014,15:00:00,144.95
12/02/2014,15:05:00,145.15
12/02/2014,15:10:00,144.9
12/02/2014,15:15:00,144.5
12/02/2014,15:20:00,144.55
12/02/2014,15:25:00,144.45
12/02/2014,15:30:00,144.3
13/02/2014,09:20:00,145.45
13/02/2014,09:25:00,145.45
13/02/2014,09:30:00,145.45
13/02/2014,09:35:00,145.45
13/02/2014,09:40:00,145.2
13/02/2014,09:45:00,145.3
13/02/2014,09:50:00,145.0
13/02/2014,09:55:00,144.95
13/02/2014,10:00:00,144.8
13/02/2014,10:05:00,144.5
13/02/2014,10:10:00,144.8
13/02/2014,10:15:00,144.5
13/02/2014,10:20:00,144.95
13/02/2014,10:25:00,144.95
13/02/2014,10:30:00,145.05
13/02/2014,10:35:00,145.0
13/02/2014,10:40:00,145.0
13/02/2014,10:45:00,145.1
13/02/2014,10:50:00,145.65
13/02/2014,10:55:00,145.7
13/02/2014,11:00:00,145.7
13/02/2014,11:05:00,145.4
13/02/2014,11:10:00,145.25
13/02/2014,11:15:00,145.1
13/02/2014,11:20:00,145.25
13/02/2014,11:25:00,145.3
13/02/2014,11:30:00,145.35
13/02/2014,11:35:00,145.25
13/02/2014,11:40:00,145.3
13/02/2014,11:45:00,145.4
13/02/2014,11:50:00,145.35
13/02/2014,11:55:00,145.2
13/02/2014,12:00:00,145.3
13/02/2014,12:05:00,145.05
13/02/2014,12:10:00,145.15
13/02/2014,12:15:00,145.1
13/02/2014,12:20:00,144.95
13/02/2014,12:25:00,144.95
13/02/2014,12:30:00,145.0
13/02/2014,12:35:00,145.0
13/02/2014,12:40:00,145.0
13/02/2014,12:45:00,145.0
13/02/2014,12:50:00,144.95
13/02/2014,12:55:00,145.0
13/02/2014,13:00:00,144.95
13/02/2014,13:05:00,145.0
13/02/2014,13:10:00,144.75
13/02/2014,13:15:00,145.0
13/02/2014,13:20:00,145.0
13/02/2014,13:25:00,145.0
13/02/2014,13:30:00,144.95
13/02/2014,13:35:00,145.0
13/02/2014,13:40:00,145.0
13/02/2014,13:45:00,145.0
13/02/2014,13:50:00,145.0
13/02/2014,13:55:00,145.0
13/02/2014,14:00:00,144.9
13/02/2014,14:05:00,144.9
13/02/2014,14:10:00,145.0
13/02/2014,14:15:00,144.9
13/02/2014,14:20:00,144.8
13/02/2014,14:25:00,144.7
13/02/2014,14:30:00,144.7
13/02/2014,14:35:00,144.05
13/02/2014,14:40:00,144.0
13/02/2014,14:45:00,143.7
13/02/2014,14:50:00,144.1
13/02/2014,14:55:00,143.9
13/02/2014,15:00:00,143.6
13/02/2014,15:05:00,143.25
13/02/2014,15:10:00,143.4
13/02/2014,15:15:00,142.5
13/02/2014,15:20:00,142.6
13/02/2014,15:25:00,142.9
13/02/2014,15:30:00,143.0
14/02/2014,09:20:00,143.45
14/02/2014,09:25:00,143.7
14/02/2014,09:30:00,143.55
14/02/2014,09:35:00,143.75
14/02/2014,09:40:00,143.5
14/02/2014,09:45:00,143.45
14/02/2014,09:50:00,143.5
14/02/2014,09:55:00,143.45
14/02/2014,10:00:00,143.75
14/02/2014,10:05:00,143.65
14/02/2014,10:10:00,143.85
14/02/2014,10:15:00,143.8
14/02/2014,10:20:00,143.8
14/02/2014,10:25:00,143.8
14/02/2014,10:30:00,143.6
14/02/2014,10:35:00,143.85
14/02/2014,10:40:00,144.0
14/02/2014,10:45:00,144.0
14/02/2014,10:50:00,144.0
14/02/2014,10:55:00,143.95
14/02/2014,11:00:00,144.0
14/02/2014,11:05:00,143.9
14/02/2014,11:10:00,144.0
14/02/2014,11:15:00,143.95
14/02/2014,11:20:00,144.0
14/02/2014,11:25:00,143.95
14/02/2014,11:30:00,143.9
14/02/2014,11:35:00,143.9
14/02/2014,11:40:00,143.9
14/02/2014,11:45:00,143.9
14/02/2014,11:50:00,143.85
14/02/2014,11:55:00,143.95
14/02/2014,12:00:00,144.0
14/02/2014,12:05:00,143.95
14/02/2014,12:10:00,143.95
14/02/2014,12:15:00,143.85
14/02/2014,12:20:00,143.9
14/02/2014,12:25:00,143.9
14/02/2014,12:30:00,143.95
14/02/2014,12:35:00,143.9
14/02/2014,12:40:00,143.9
14/02/2014,12:45:00,144.2
14/02/2014,12:50:00,144.25
14/02/2014,12:55:00,144.3
14/02/2014,13:00:00,144.0
14/02/2014,13:05:00,144.3
14/02/2014,13:10:00,144.2
14/02/2014,13:15:00,144.1
14/02/2014,13:20:00,144.3
14/02/2014,13:25:00,144.2
14/02/2014,13:30:00,144.35
14/02/2014,13:35:00,144.35
14/02/2014,13:40:00,144.7
14/02/2014,13:45:00,144.75
14/02/2014,13:50:00,144.0
14/02/2014,13:55:00,144.0
14/02/2014,14:00:00,144.0
14/02/2014,14:05:00,144.0
14/02/2014,14:10:00,144.0
14/02/2014,14:15:00,144.0
14/02/2014,14:20:00,143.9
14/02/2014,14:25:00,144.0
14/02/2014,14:30:00,144.0
14/02/2014,14:35:00,144.8
14/02/2014,14:40:00,144.65
14/02/2014,14:45:00,144.8
14/02/2014,14:50:00,144.75
14/02/2014,14:55:00,144.7
14/02/2014,15:00:00,144.8
14/02/2014,15:05:00,144.75
14/02/2014,15:10:00,145.05
14/02/2014,15:15:00,145.65
14/02/2014,15:20:00,145.7
14/02/2014,15:25:00,145.65
14/02/2014,15:30:00,145.25
17/02/2014,09:20:00,138.9
17/02/2014,09:25:00,139.4
17/02/2014,09:30:00,140.25
17/02/2014,09:35:00,140.25
17/02/2014,09:40:00,139.3
17/02/2014,09:45:00,139.1
17/02/2014,09:50:00,139.15
17/02/2014,09:55:00,139.2
17/02/2014,10:00:00,139.0
17/02/2014,10:05:00,138.9
17/02/2014,10:10:00,138.9
17/02/2014,10:15:00,139.1
17/02/2014,10:20:00,138.85
17/02/2014,10:25:00,138.85
17/02/2014,10:30:00,138.9
17/02/2014,10:35:00,138.95
17/02/2014,10:40:00,138.85
17/02/2014,10:45:00,138.9
17/02/2014,10:50:00,138.9
17/02/2014,10:55:00,139.65
17/02/2014,11:00:00,139.7
17/02/2014,11:05:00,139.65
17/02/2014,11:10:00,139.35
17/02/2014,11:15:00,139.4
17/02/2014,11:20:00,139.35
17/02/2014,11:25:00,139.25
17/02/2014,11:30:00,139.35
17/02/2014,11:35:00,139.2
17/02/2014,11:40:00,139.25
17/02/2014,11:45:00,139.5
17/02/2014,11:50:00,139.45
17/02/2014,11:55:00,139.4
17/02/2014,12:00:00,139.35
17/02/2014,12:05:00,139.35
17/02/2014,12:10:00,139.0
17/02/2014,12:15:00,139.0
17/02/2014,12:20:00,139.35
17/02/2014,12:25:00,139.05
17/02/2014,12:30:00,139.15
17/02/2014,12:35:00,138.8
17/02/2014,12:40:00,139.15
17/02/2014,12:45:00,139.0
17/02/2014,12:50:00,138.9
17/02/2014,12:55:00,138.95
17/02/2014,13:00:00,139.15
17/02/2014,13:05:00,138.95
17/02/2014,13:10:00,139.0
17/02/2014,13:15:00,139.1
17/02/2014,13:20:00,139.0
17/02/2014,13:25:00,139.0
17/02/2014,13:30:00,139.0
17/02/2014,13:35:00,139.0
17/02/2014,13:40:00,139.0
17/02/2014,13:45:00,139.0
17/02/2014,13:50:00,139.0
17/02/2014,13:55:00,138.95
17/02/2014,14:00:00,138.95
17/02/2014,14:05:00,138.9
17/02/2014,14:10:00,138.9
17/02/2014,14:15:00,138.95
17/02/2014,14:20:00,138.95
17/02/2014,14:25:00,138.85
17/02/2014,14:30:00,138.95
17/02/2014,14:35:00,138.8
17/02/2014,14:40:00,138.75
17/02/2014,14:45:00,138.85
17/02/2014,14:50:00,138.95
17/02/2014,14:55:00,138.3
17/02/2014,15:00:00,138.5
17/02/2014,15:05:00,138.55
17/02/2014,15:10:00,138.15
17/02/2014,15:15:00,138.2
17/02/2014,15:20:00,137.95
17/02/2014,15:25:00,138.15
17/02/2014,15:30:00,138.15
18/02/2014,09:20:00,138.5
18/02/2014,09:25:00,137.45
18/02/2014,09:30:00,137.55
18/02/2014,09:35:00,137.85
18/02/2014,09:40:00,138.0
18/02/2014,09:45:00,138.0
18/02/2014,09:50:00,138.25
18/02/2014,09:55:00,138.6
18/02/2014,10:00:00,138.75
18/02/2014,10:05:00,138.9
18/02/2014,10:10:00,138.4
18/02/2014,10:15:00,138.1
18/02/2014,10:20:00,138.3
18/02/2014,10:25:00,138.3
18/02/2014,10:30:00,138.45
18/02/2014,10:35:00,138.4
18/02/2014,10:40:00,138.2
18/02/2014,10:45:00,137.9
18/02/2014,10:50:00,137.95
18/02/2014,10:55:00,137.95
18/02/2014,11:00:00,137.8
18/02/2014,11:05:00,138.1
18/02/2014,11:10:00,138.15
18/02/2014,11:15:00,138.0
18/02/2014,11:20:00,137.85
18/02/2014,11:25:00,138.0
18/02/2014,11:30:00,137.95
18/02/2014,11:35:00,137.85
18/02/2014,11:40:00,138.05
18/02/2014,11:45:00,138.0
18/02/2014,11:50:00,138.05
18/02/2014,11:55:00,138.0
18/02/2014,12:00:00,138.1
18/02/2014,12:05:00,138.05
18/02/2014,12:10:00,138.05
18/02/2014,12:15:00,138.1
18/02/2014,12:20:00,138.55
18/02/2014,12:25:00,138.15
18/02/2014,12:30:00,138.05
18/02/2014,12:35:00,138.0
18/02/2014,12:40:00,138.05
18/02/2014,12:45:00,138.0
18/02/2014,12:50:00,137.95
18/02/2014,12:55:00,137.95
18/02/2014,13:00:00,137.75
18/02/2014,13:05:00,137.9
18/02/2014,13:10:00,137.7
18/02/2014,13:15:00,137.85
18/02/2014,13:20:00,137.9
18/02/2014,13:25:00,137.85
18/02/2014,13:30:00,138.0
18/02/2014,13:35:00,138.0
18/02/2014,13:40:00,138.0
18/02/2014,13:45:00,138.0
18/02/2014,13:50:00,137.7
18/02/2014,13:55:00,137.8
18/02/2014,14:00:00,137.85
18/02/2014,14:05:00,137.95
18/02/2014,14:10:00,137.9
18/02/2014,14:15:00,137.95
18/02/2014,14:20:00,138.0
18/02/2014,14:25:00,137.95
18/02/2014,14:30:00,137.85
18/02/2014,14:35:00,137.85
18/02/2014,14:40:00,137.75
18/02/2014,14:45:00,137.95
18/02/2014,14:50:00,137.9
18/02/2014,14:55:00,137.85
18/02/2014,15:00:00,137.85
18/02/2014,15:05:00,138.0
18/02/2014,15:10:00,137.85
18/02/2014,15:15:00,137.75
18/02/2014,15:20:00,137.65
18/02/2014,15:25:00,137.8
18/02/2014,15:30:00,137.5
19/02/2014,09:20:00,137.25
19/02/2014,09:25:00,137.95
19/02/2014,09:30:00,137.65
19/02/2014,09:35:00,137.7
19/02/2014,09:40:00,137.2
19/02/2014,09:45:00,137.4
19/02/2014,09:50:00,137.45
19/02/2014,09:55:00,137.3
19/02/2014,10:00:00,137.4
19/02/2014,10:05:00,137.3
19/02/2014,10:10:00,137.15
19/02/2014,10:15:00,137.35
19/02/2014,10:20:00,137.3
19/02/2014,10:25:00,137.2
19/02/2014,10:30:00,137.1
19/02/2014,10:35:00,137.15
19/02/2014,10:40:00,137.15
19/02/2014,10:45:00,137.15
19/02/2014,10:50:00,137.15
19/02/2014,10:55:00,137.1
19/02/2014,11:00:00,137.3
19/02/2014,11:05:00,137.3
19/02/2014,11:10:00,137.15
19/02/2014,11:15:00,137.1
19/02/2014,11:20:00,137.15
19/02/2014,11:25:00,137.15
19/02/2014,11:30:00,136.7
19/02/2014,11:35:00,136.7
19/02/2014,11:40:00,136.55
19/02/2014,11:45:00,136.4
19/02/2014,11:50:00,136.35
19/02/2014,11:55:00,136.25
19/02/2014,12:00:00,136.2
19/02/2014,12:05:00,136.1
19/02/2014,12:10:00,136.6
19/02/2014,12:15:00,136.4
19/02/2014,12:20:00,136.45
19/02/2014,12:25:00,136.4
19/02/2014,12:30:00,136.25
19/02/2014,12:35:00,136.25
19/02/2014,12:40:00,136.35
19/02/2014,12:45:00,136.3
19/02/2014,12:50:00,136.1
19/02/2014,12:55:00,136.2
19/02/2014,13:00:00,136.15
19/02/2014,13:05:00,136.15
19/02/2014,13:10:00,136.05
19/02/2014,13:15:00,136.2
19/02/2014,13:20:00,136.6
19/02/2014,13:25:00,136.5
19/02/2014,13:30:00,136.65
19/02/2014,13:35:00,136.6
19/02/2014,13:40:00,136.5
19/02/2014,13:45:00,136.45
19/02/2014,13:50:00,136.4
19/02/2014,13:55:00,136.45
19/02/2014,14:00:00,136.45
19/02/2014,14:05:00,136.45
19/02/2014,14:10:00,136.6
19/02/2014,14:15:00,136.55
19/02/2014,14:20:00,136.4
19/02/2014,14:25:00,136.25
19/02/2014,14:30:00,136.45
19/02/2014,14:35:00,136.3
19/02/2014,14:40:00,136.35
19/02/2014,14:45:00,136.65
19/02/2014,14:50:00,136.85
19/02/2014,14:55:00,137.0
19/02/2014,15:00:00,137.0
19/02/2014,15:05:00,137.05
19/02/2014,15:10:00,137.1
19/02/2014,15:15:00,137.05
19/02/2014,15:20:00,136.75
19/02/2014,15:25:00,136.6
19/02/2014,15:30:00,136.95
20/02/2014,09:20:00,135.45
20/02/2014,09:25:00,135.4
20/02/2014,09:30:00,135.8
20/02/2014,09:35:00,135.4
20/02/2014,09:40:00,135.4
20/02/2014,09:45:00,135.3
20/02/2014,09:50:00,135.25
20/02/2014,09:55:00,135.9
20/02/2014,10:00:00,135.8
20/02/2014,10:05:00,135.7
20/02/2014,10:10:00,135.85
20/02/2014,10:15:00,136.3
20/02/2014,10:20:00,136.3
20/02/2014,10:25:00,136.2
20/02/2014,10:30:00,136.2
20/02/2014,10:35:00,136.25
20/02/2014,10:40:00,136.05
20/02/2014,10:45:00,135.85
20/02/2014,10:50:00,135.95
20/02/2014,10:55:00,136.0
20/02/2014,11:00:00,136.0
20/02/2014,11:05:00,136.0
20/02/2014,11:10:00,135.9
20/02/2014,11:15:00,135.9
20/02/2014,11:20:00,136.0
20/02/2014,11:25:00,135.75
20/02/2014,11:30:00,135.8
20/02/2014,11:35:00,135.65
20/02/2014,11:40:00,135.8
20/02/2014,11:45:00,135.7
20/02/2014,11:50:00,135.75
20/02/2014,11:55:00,135.65
20/02/2014,12:00:00,135.65
20/02/2014,12:05:00,135.7
20/02/2014,12:10:00,135.6
20/02/2014,12:15:00,135.4
20/02/2014,12:20:00,135.5
20/02/2014,12:25:00,135.6
20/02/2014,12:30:00,135.5
20/02/2014,12:35:00,135.55
20/02/2014,12:40:00,135.55
20/02/2014,12:45:00,135.55
20/02/2014,12:50:00,135.45
20/02/2014,12:55:00,135.5
20/02/2014,13:00:00,135.5
20/02/2014,13:05:00,135.35
20/02/2014,13:10:00,135.3
20/02/2014,13:15:00,135.15
20/02/2014,13:20:00,135.15
20/02/2014,13:25:00,135.15
20/02/2014,13:30:00,135.2
20/02/2014,13:35:00,135.3
20/02/2014,13:40:00,135.15
20/02/2014,13:45:00,135.2
20/02/2014,13:50:00,135.15
20/02/2014,13:55:00,135.05
20/02/2014,14:00:00,135.1
20/02/2014,14:05:00,135.15
20/02/2014,14:10:00,135.1
20/02/2014,14:15:00,135.0
20/02/2014,14:20:00,135.0
20/02/2014,14:25:00,135.1
20/02/2014,14:30:00,135.05
20/02/2014,14:35:00,135.25
20/02/2014,14:40:00,135.3
20/02/2014,14:45:00,135.4
20/02/2014,14:50:00,135.25
20/02/2014,14:55:00,135.35
20/02/2014,15:00:00,135.4
20/02/2014,15:05:00,135.1
20/02/2014,15:10:00,135.25
20/02/2014,15:15:00,135.3
20/02/2014,15:20:00,135.4
20/02/2014,15:25:00,135.45
20/02/2014,15:30:00,135.7
21/02/2014,09:20:00,136.0
21/02/2014,09:25:00,136.0
21/02/2014,09:30:00,136.2
21/02/2014,09:35:00,136.35
21/02/2014,09:40:00,136.3
21/02/2014,09:45:00,136.55
21/02/2014,09:50:00,136.7
21/02/2014,09:55:00,136.5
21/02/2014,10:00:00,136.35
21/02/2014,10:05:00,136.35
21/02/2014,10:10:00,136.25
21/02/2014,10:15:00,136.1
21/02/2014,10:20:00,136.3
21/02/2014,10:25:00,136.3
21/02/2014,10:30:00,136.35
21/02/2014,10:35:00,136.3
21/02/2014,10:40:00,136.5
21/02/2014,10:45:00,136.4
21/02/2014,10:50:00,136.4
21/02/2014,10:55:00,136.35
21/02/2014,11:00:00,136.55
21/02/2014,11:05:00,136.3
21/02/2014,11:10:00,136.3
21/02/2014,11:15:00,136.35
21/02/2014,11:20:00,136.6
21/02/2014,11:25:00,136.55
21/02/2014,11:30:00,136.85
21/02/2014,11:35:00,137.15
21/02/2014,11:40:00,137.0
21/02/2014,11:45:00,136.7
21/02/2014,11:50:00,136.65
21/02/2014,11:55:00,136.75
21/02/2014,12:00:00,136.85
21/02/2014,12:05:00,136.85
21/02/2014,12:10:00,136.8
21/02/2014,12:15:00,136.85
21/02/2014,12:20:00,137.0
21/02/2014,12:25:00,136.8
21/02/2014,12:30:00,136.85
21/02/2014,12:35:00,136.85
21/02/2014,12:40:00,136.7
21/02/2014,12:45:00,136.4
21/02/2014,12:50:00,136.45
21/02/2014,12:55:00,136.4
21/02/2014,13:00:00,136.5
21/02/2014,13:05:00,136.4
21/02/2014,13:10:00,136.6
21/02/2014,13:15:00,136.5
21/02/2014,13:20:00,136.5
21/02/2014,13:25:00,136.8
21/02/2014,13:30:00,136.7
21/02/2014,13:35:00,136.9
21/02/2014,13:40:00,136.9
21/02/2014,13:45:00,136.8
21/02/2014,13:50:00,136.5
21/02/2014,13:55:00,136.6
21/02/2014,14:00:00,136.75
21/02/2014,14:05:00,136.6
21/02/2014,14:10:00,136.6
21/02/2014,14:15:00,136.65
21/02/2014,14:20:00,136.5
21/02/2014,14:25:00,136.4
21/02/2014,14:30:00,136.3
21/02/2014,14:35:00,136.35
21/02/2014,14:40:00,136.35
21/02/2014,14:45:00,136.2
21/02/2014,14:50:00,136.1
21/02/2014,14:55:00,136.2
21/02/2014,15:00:00,136.55
21/02/2014,15:05:00,136.75
21/02/2014,15:10:00,136.7
21/02/2014,15:15:00,137.15
21/02/2014,15:20:00,137.4
21/02/2014,15:25:00,137.25
21/02/2014,15:30:00,137.5
24/02/2014,09:20:00,136.95
24/02/2014,09:25:00,136.4
24/02/2014,09:30:00,135.6
24/02/2014,09:35:00,136.0
24/02/2014,09:40:00,135.7
24/02/2014,09:45:00,135.75
24/02/2014,09:50:00,135.85
24/02/2014,09:55:00,135.75
24/02/2014,10:00:00,135.85
24/02/2014,10:05:00,135.95
24/02/2014,10:10:00,136.0
24/02/2014,10:15:00,135.55
24/02/2014,10:20:00,135.55
24/02/2014,10:25:00,135.5
24/02/2014,10:30:00,135.35
24/02/2014,10:35:00,135.6
24/02/2014,10:40:00,135.65
24/02/2014,10:45:00,135.5
24/02/2014,10:50:00,135.75
24/02/2014,10:55:00,135.7
24/02/2014,11:00:00,135.65
24/02/2014,11:05:00,135.4
24/02/2014,11:10:00,135.5
24/02/2014,11:15:00,135.65
24/02/2014,11:20:00,135.55
24/02/2014,11:25:00,136.0
24/02/2014,11:30:00,135.7
24/02/2014,11:35:00,135.95
24/02/2014,11:40:00,135.6
24/02/2014,11:45:00,135.6
24/02/2014,11:50:00,135.5
24/02/2014,11:55:00,135.65
24/02/2014,12:00:00,135.5
24/02/2014,12:05:00,135.5
24/02/2014,12:10:00,135.6
24/02/2014,12:15:00,135.4
24/02/2014,12:20:00,135.35
24/02/2014,12:25:00,135.15
24/02/2014,12:30:00,135.3
24/02/2014,12:35:00,135.25
24/02/2014,12:40:00,135.35
24/02/2014,12:45:00,135.25
24/02/2014,12:50:00,135.3
24/02/2014,12:55:00,135.35
24/02/2014,13:00:00,135.2
24/02/2014,13:05:00,135.15
24/02/2014,13:10:00,135.15
24/02/2014,13:15:00,135.15
24/02/2014,13:20:00,135.15
24/02/2014,13:25:00,135.15
24/02/2014,13:30:00,135.3
24/02/2014,13:35:00,135.65
24/02/2014,13:40:00,135.6
24/02/2014,13:45:00,135.5
24/02/2014,13:50:00,135.7
24/02/2014,13:55:00,135.85
24/02/2014,14:00:00,135.4
24/02/2014,14:05:00,135.25
24/02/2014,14:10:00,135.25
24/02/2014,14:15:00,135.25
24/02/2014,14:20:00,135.3
24/02/2014,14:25:00,135.2
24/02/2014,14:30:00,135.2
24/02/2014,14:35:00,135.2
24/02/2014,14:40:00,135.2
24/02/2014,14:45:00,135.35
24/02/2014,14:50:00,135.5
24/02/2014,14:55:00,135.45
24/02/2014,15:00:00,135.4
24/02/2014,15:05:00,135.3
24/02/2014,15:10:00,135.25
24/02/2014,15:15:00,135.2
24/02/2014,15:20:00,135.35
24/02/2014,15:25:00,135.35
24/02/2014,15:30:00,135.4
25/02/2014,09:20:00,135.7
25/02/2014,09:25:00,135.55
25/02/2014,09:30:00,135.3
25/02/2014,09:35:00,135.15
25/02/2014,09:40:00,134.65
25/02/2014,09:45:00,134.95
25/02/2014,09:50:00,134.75
25/02/2014,09:55:00,134.6
25/02/2014,10:00:00,134.4
25/02/2014,10:05:00,135.0
25/02/2014,10:10:00,135.25
25/02/2014,10:15:00,135.1
25/02/2014,10:20:00,135.0
25/02/2014,10:25:00,134.85
25/02/2014,10:30:00,134.4
25/02/2014,10:35:00,134.1
25/02/2014,10:40:00,134.1
25/02/2014,10:45:00,133.8
25/02/2014,10:50:00,133.5
25/02/2014,10:55:00,133.5
25/02/2014,11:00:00,133.5
25/02/2014,11:05:00,133.45
25/02/2014,11:10:00,133.5
25/02/2014,11:15:00,133.5
25/02/2014,11:20:00,133.15
25/02/2014,11:25:00,133.0
25/02/2014,11:30:00,133.0
25/02/2014,11:35:00,132.95
25/02/2014,11:40:00,132.9
25/02/2014,11:45:00,132.8
25/02/2014,11:50:00,132.85
25/02/2014,11:55:00,132.9
25/02/2014,12:00:00,132.4
25/02/2014,12:05:00,132.3
25/02/2014,12:10:00,132.35
25/02/2014,12:15:00,132.35
25/02/2014,12:20:00,132.4
25/02/2014,12:25:00,132.25
25/02/2014,12:30:00,131.8
25/02/2014,12:35:00,131.95
25/02/2014,12:40:00,131.85
25/02/2014,12:45:00,131.65
25/02/2014,12:50:00,131.7
25/02/2014,12:55:00,131.35
25/02/2014,13:00:00,131.6
25/02/2014,13:05:00,131.35
25/02/2014,13:10:00,131.6
25/02/2014,13:15:00,131.65
25/02/2014,13:20:00,131.65
25/02/2014,13:25:00,131.65
25/02/2014,13:30:00,131.6
25/02/2014,13:35:00,131.4
25/02/2014,13:40:00,131.25
25/02/2014,13:45:00,131.2
25/02/2014,13:50:00,131.05
25/02/2014,13:55:00,131.5
25/02/2014,14:00:00,132.05
25/02/2014,14:05:00,132.0
25/02/2014,14:10:00,131.75
25/02/2014,14:15:00,132.1
25/02/2014,14:20:00,132.1
25/02/2014,14:25:00,132.05
25/02/2014,14:30:00,132.1
25/02/2014,14:35:00,132.1
25/02/2014,14:40:00,132.0
25/02/2014,14:45:00,130.85
25/02/2014,14:50:00,130.6
25/02/2014,14:55:00,130.45
25/02/2014,15:00:00,130.75
25/02/2014,15:05:00,131.2
25/02/2014,15:10:00,131.3
25/02/2014,15:15:00,131.5
25/02/2014,15:20:00,131.8
25/02/2014,15:25:00,131.8
25/02/2014,15:30:00,131.25
26/02/2014,09:20:00,130.45
26/02/2014,09:25:00,129.9
26/02/2014,09:30:00,129.85
26/02/2014,09:35:00,129.3
26/02/2014,09:40:00,129.2
26/02/2014,09:45:00,129.15
26/02/2014,09:50:00,129.3
26/02/2014,09:55:00,129.1
26/02/2014,10:00:00,129.1
26/02/2014,10:05:00,128.85
26/02/2014,10:10:00,128.2
26/02/2014,10:15:00,127.9
26/02/2014,10:20:00,128.0
26/02/2014,10:25:00,128.0
26/02/2014,10:30:00,127.9
26/02/2014,10:35:00,127.85
26/02/2014,10:40:00,127.8
26/02/2014,10:45:00,127.45
26/02/2014,10:50:00,127.65
26/02/2014,10:55:00,127.5
26/02/2014,11:00:00,127.5
26/02/2014,11:05:00,127.5
26/02/2014,11:10:00,127.45
26/02/2014,11:15:00,127.4
26/02/2014,11:20:00,127.45
26/02/2014,11:25:00,126.85
26/02/2014,11:30:00,126.85
26/02/2014,11:35:00,126.8
26/02/2014,11:40:00,127.05
26/02/2014,11:45:00,127.3
26/02/2014,11:50:00,127.3
26/02/2014,11:55:00,127.15
26/02/2014,12:00:00,127.2
26/02/2014,12:05:00,127.1
26/02/2014,12:10:00,126.65
26/02/2014,12:15:00,127.2
26/02/2014,12:20:00,127.25
26/02/2014,12:25:00,127.35
26/02/2014,12:30:00,127.7
26/02/2014,12:35:00,127.75
26/02/2014,12:40:00,127.8
26/02/2014,12:45:00,127.75
26/02/2014,12:50:00,127.85
26/02/2014,12:55:00,127.6
26/02/2014,13:00:00,127.25
26/02/2014,13:05:00,127.25
26/02/2014,13:10:00,127.2
26/02/2014,13:15:00,127.1
26/02/2014,13:20:00,127.15
26/02/2014,13:25:00,126.9
26/02/2014,13:30:00,127.0
26/02/2014,13:35:00,127.0
26/02/2014,13:40:00,126.95
26/02/2014,13:45:00,126.9
26/02/2014,13:50:00,126.9
26/02/2014,13:55:00,126.8
26/02/2014,14:00:00,126.65
26/02/2014,14:05:00,126.5
26/02/2014,14:10:00,126.5
26/02/2014,14:15:00,126.6
26/02/2014,14:20:00,126.5
26/02/2014,14:25:00,126.6
26/02/2014,14:30:00,126.4
26/02/2014,14:35:00,126.3
26/02/2014,14:40:00,126.25
26/02/2014,14:45:00,126.15
26/02/2014,14:50:00,126.1
26/02/2014,14:55:00,125.95
26/02/2014,15:00:00,126.2
26/02/2014,15:05:00,126.85
26/02/2014,15:10:00,126.9
26/02/2014,15:15:00,126.95
26/02/2014,15:20:00,126.8
26/02/2014,15:25:00,126.7
26/02/2014,15:30:00,126.85
28/02/2014,09:20:00,127.05
28/02/2014,09:25:00,127.1
28/02/2014,09:30:00,127.1
28/02/2014,09:35:00,127.0
28/02/2014,09:40:00,127.0
28/02/2014,09:45:00,127.35
28/02/2014,09:50:00,127.15
28/02/2014,09:55:00,128.5
28/02/2014,10:00:00,128.5
28/02/2014,10:05:00,128.1
28/02/2014,10:10:00,128.05
28/02/2014,10:15:00,128.1
28/02/2014,10:20:00,128.1
28/02/2014,10:25:00,128.15
28/02/2014,10:30:00,128.15
28/02/2014,10:35:00,128.1
28/02/2014,10:40:00,128.25
28/02/2014,10:45:00,128.3
28/02/2014,10:50:00,128.15
28/02/2014,10:55:00,127.9
28/02/2014,11:00:00,127.65
28/02/2014,11:05:00,127.85
28/02/2014,11:10:00,128.1
28/02/2014,11:15:00,128.15
28/02/2014,11:20:00,127.8
28/02/2014,11:25:00,127.9
28/02/2014,11:30:00,127.6
28/02/2014,11:35:00,127.35
28/02/2014,11:40:00,127.6
28/02/2014,11:45:00,127.6
28/02/2014,11:50:00,127.6
28/02/2014,11:55:00,127.6
28/02/2014,12:00:00,127.9
28/02/2014,12:05:00,127.9
28/02/2014,12:10:00,128.0
28/02/2014,12:15:00,127.85
28/02/2014,12:20:00,127.8
28/02/2014,12:25:00,127.9
28/02/2014,12:30:00,128.0
28/02/2014,12:35:00,127.95
28/02/2014,12:40:00,127.95
28/02/2014,12:45:00,127.95
28/02/2014,12:50:00,128.05
28/02/2014,12:55:00,128.0
28/02/2014,13:00:00,127.8
28/02/2014,13:05:00,127.9
28/02/2014,13:10:00,128.2
28/02/2014,13:15:00,128.2
28/02/2014,13:20:00,127.95
28/02/2014,13:25:00,127.9
28/02/2014,13:30:00,127.45
28/02/2014,13:35:00,127.45
28/02/2014,13:40:00,127.85
28/02/2014,13:45:00,127.85
28/02/2014,13:50:00,127.75
28/02/2014,13:55:00,127.45
28/02/2014,14:00:00,127.8
28/02/2014,14:05:00,127.8
28/02/2014,14:10:00,127.9
28/02/2014,14:15:00,128.1
28/02/2014,14:20:00,128.05
28/02/2014,14:25:00,127.85
28/02/2014,14:30:00,128.0
28/02/2014,14:35:00,128.0
28/02/2014,14:40:00,128.0
28/02/2014,14:45:00,128.05
28/02/2014,14:50:00,128.05
28/02/2014,14:55:00,128.0
28/02/2014,15:00:00,128.0
28/02/2014,15:05:00,128.05
28/02/2014,15:10:00,127.75
28/02/2014,15:15:00,127.85
28/02/2014,15:20:00,127.25
28/02/2014,15:25:00,127.0
28/02/2014,15:30:00,126.7
03/03/2014,09:20:00,126.95
03/03/2014,09:25:00,126.6
03/03/2014,09:30:00,126.15
03/03/2014,09:35:00,126.35
03/03/2014,09:40:00,127.15
03/03/2014,09:45:00,127.5
03/03/2014,09:50:00,128.3
03/03/2014,09:55:00,128.35
03/03/2014,10:00:00,128.4
03/03/2014,10:05:00,128.55
03/03/2014,10:10:00,128.4
03/03/2014,10:15:00,128.45
03/03/2014,10:20:00,128.2
03/03/2014,10:25:00,128.55
03/03/2014,10:30:00,128.55
03/03/2014,10:35:00,128.6
03/03/2014,10:40:00,128.85
03/03/2014,10:45:00,128.9
03/03/2014,10:50:00,128.95
03/03/2014,10:55:00,129.2
03/03/2014,11:00:00,129.35
03/03/2014,11:05:00,129.75
03/03/2014,11:10:00,129.6
03/03/2014,11:15:00,129.5
03/03/2014,11:20:00,129.15
03/03/2014,11:25:00,129.2
03/03/2014,11:30:00,129.1
03/03/2014,11:35:00,129.05
03/03/2014,11:40:00,128.85
03/03/2014,11:45:00,128.75
03/03/2014,11:50:00,129.1
03/03/2014,11:55:00,129.25
03/03/2014,12:00:00,129.2
03/03/2014,12:05:00,129.25
03/03/2014,12:10:00,129.5
03/03/2014,12:15:00,129.25
03/03/2014,12:20:00,129.05
03/03/2014,12:25:00,129.15
03/03/2014,12:30:00,129.05
03/03/2014,12:35:00,129.1
03/03/2014,12:40:00,129.1
03/03/2014,12:45:00,129.5
03/03/2014,12:50:00,129.3
03/03/2014,12:55:00,129.1
03/03/2014,13:00:00,129.1
03/03/2014,13:05:00,129.2
03/03/2014,13:10:00,129.1
03/03/2014,13:15:00,129.05
03/03/2014,13:20:00,129.1
03/03/2014,13:25:00,128.95
03/03/2014,13:30:00,128.7
03/03/2014,13:35:00,128.75
03/03/2014,13:40:00,128.7
03/03/2014,13:45:00,128.6
03/03/2014,13:50:00,128.5
03/03/2014,13:55:00,128.6
03/03/2014,14:00:00,129.0
03/03/2014,14:05:00,129.2
03/03/2014,14:10:00,129.1
03/03/2014,14:15:00,129.05
03/03/2014,14:20:00,129.15
03/03/2014,14:25:00,128.95
03/03/2014,14:30:00,129.0
03/03/2014,14:35:00,129.0
03/03/2014,14:40:00,129.0
03/03/2014,14:45:00,128.9
03/03/2014,14:50:00,128.9
03/03/2014,14:55:00,129.0
03/03/2014,15:00:00,128.9
03/03/2014,15:05:00,129.0
03/03/2014,15:10:00,129.2
03/03/2014,15:15:00,129.0
03/03/2014,15:20:00,129.0
03/03/2014,15:25:00,128.9
03/03/2014,15:30:00,129.0
04/03/2014,09:20:00,130.1
04/03/2014,09:25:00,130.4
04/03/2014,09:30:00,130.65
04/03/2014,09:35:00,130.5
04/03/2014,09:40:00,130.35
04/03/2014,09:45:00,130.25
04/03/2014,09:50:00,130.3
04/03/2014,09:55:00,130.2
04/03/2014,10:00:00,130.25
04/03/2014,10:05:00,130.15
04/03/2014,10:10:00,130.1
04/03/2014,10:15:00,130.05
04/03/2014,10:20:00,130.15
04/03/2014,10:25:00,130.4
04/03/2014,10:30:00,130.3
04/03/2014,10:35:00,130.3
04/03/2014,10:40:00,130.35
04/03/2014,10:45:00,130.3
04/03/2014,10:50:00,130.1
04/03/2014,10:55:00,130.1
04/03/2014,11:00:00,130.3
04/03/2014,11:05:00,130.25
04/03/2014,11:10:00,130.4
04/03/2014,11:15:00,130.25
04/03/2014,11:20:00,130.2
04/03/2014,11:25:00,130.2
04/03/2014,11:30:00,130.8
04/03/2014,11:35:00,131.3
04/03/2014,11:40:00,131.6
04/03/2014,11:45:00,132.2
04/03/2014,11:50:00,132.1
04/03/2014,11:55:00,132.25
04/03/2014,12:00:00,132.0
04/03/2014,12:05:00,131.85
04/03/2014,12:10:00,131.7
04/03/2014,12:15:00,131.95
04/03/2014,12:20:00,131.8
04/03/2014,12:25:00,131.85
04/03/2014,12:30:00,131.55
04/03/2014,12:35:00,131.6
04/03/2014,12:40:00,131.6
04/03/2014,12:45:00,131.65
04/03/2014,12:50:00,131.85
04/03/2014,12:55:00,131.75
04/03/2014,13:00:00,132.0
04/03/2014,13:05:00,132.35
04/03/2014,13:10:00,132.2
04/03/2014,13:15:00,132.05
04/03/2014,13:20:00,131.8
04/03/2014,13:25:00,132.3
04/03/2014,13:30:00,132.4
04/03/2014,13:35:00,132.4
04/03/2014,13:40:00,132.3
04/03/2014,13:45:00,132.5
04/03/2014,13:50:00,132.75
04/03/2014,13:55:00,132.9
04/03/2014,14:00:00,133.0
04/03/2014,14:05:00,132.65
04/03/2014,14:10:00,132.7
04/03/2014,14:15:00,132.9
04/03/2014,14:20:00,132.85
04/03/2014,14:25:00,132.8
04/03/2014,14:30:00,133.0
04/03/2014,14:35:00,132.8
04/03/2014,14:40:00,132.9
04/03/2014,14:45:00,132.85
04/03/2014,14:50:00,132.65
04/03/2014,14:55:00,132.8
04/03/2014,15:00:00,132.8
04/03/2014,15:05:00,132.9
04/03/2014,15:10:00,132.75
04/03/2014,15:15:00,132.8
04/03/2014,15:20:00,133.1
04/03/2014,15:25:00,133.3
04/03/2014,15:30:00,133.2
05/03/2014,09:20:00,133.3
05/03/2014,09:25:00,133.6
05/03/2014,09:30:00,133.95
05/03/2014,09:35:00,134.05
05/03/2014,09:40:00,133.6
05/03/2014,09:45:00,133.55
05/03/2014,09:50:00,134.4
05/03/2014,09:55:00,134.3
05/03/2014,10:00:00,134.2
05/03/2014,10:05:00,134.55
05/03/2014,10:10:00,134.55
05/03/2014,10:15:00,134.5
05/03/2014,10:20:00,134.55
05/03/2014,10:25:00,134.55
05/03/2014,10:30:00,134.75
05/03/2014,10:35:00,134.75
05/03/2014,10:40:00,134.55
05/03/2014,10:45:00,134.6
05/03/2014,10:50:00,134.35
05/03/2014,10:55:00,134.15
05/03/2014,11:00:00,133.85
05/03/2014,11:05:00,134.1
05/03/2014,11:10:00,134.3
05/03/2014,11:15:00,134.3
05/03/2014,11:20:00,133.85
05/03/2014,11:25:00,133.55
05/03/2014,11:30:00,133.2
05/03/2014,11:35:00,133.0
05/03/2014,11:40:00,132.8
05/03/2014,11:45:00,133.1
05/03/2014,11:50:00,132.9
05/03/2014,11:55:00,132.85
05/03/2014,12:00:00,132.8
05/03/2014,12:05:00,132.75
05/03/2014,12:10:00,132.8
05/03/2014,12:15:00,132.5
05/03/2014,12:20:00,132.6
05/03/2014,12:25:00,132.45
05/03/2014,12:30:00,132.35
05/03/2014,12:35:00,132.4
05/03/2014,12:40:00,132.35
05/03/2014,12:45:00,132.35
05/03/2014,12:50:00,132.9
05/03/2014,12:55:00,133.05
05/03/2014,13:00:00,133.05
05/03/2014,13:05:00,133.0
05/03/2014,13:10:00,132.9
05/03/2014,13:15:00,132.85
05/03/2014,13:20:00,133.05
05/03/2014,13:25:00,133.0
05/03/2014,13:30:00,132.85
05/03/2014,13:35:00,132.95
05/03/2014,13:40:00,132.65
05/03/2014,13:45:00,133.05
05/03/2014,13:50:00,132.95
05/03/2014,13:55:00,133.1
05/03/2014,14:00:00,133.0
05/03/2014,14:05:00,133.0
05/03/2014,14:10:00,133.0
05/03/2014,14:15:00,133.0
05/03/2014,14:20:00,133.0
05/03/2014,14:25:00,133.0
05/03/2014,14:30:00,132.9
05/03/2014,14:35:00,132.65
05/03/2014,14:40:00,132.9
05/03/2014,14:45:00,132.75
05/03/2014,14:50:00,132.95
05/03/2014,14:55:00,132.95
05/03/2014,15:00:00,133.0
05/03/2014,15:05:00,132.5
05/03/2014,15:10:00,132.15
05/03/2014,15:15:00,131.65
05/03/2014,15:20:00,131.8
05/03/2014,15:25:00,131.7
05/03/2014,15:30:00,132.0
06/03/2014,09:20:00,132.1
06/03/2014,09:25:00,132.8
06/03/2014,09:30:00,132.45
06/03/2014,09:35:00,132.35
06/03/2014,09:40:00,132.8
06/03/2014,09:45:00,133.1
06/03/2014,09:50:00,133.0
06/03/2014,09:55:00,133.0
06/03/2014,10:00:00,133.25
06/03/2014,10:05:00,133.2
06/03/2014,10:10:00,133.1
06/03/2014,10:15:00,133.0
06/03/2014,10:20:00,133.0
06/03/2014,10:25:00,133.05
06/03/2014,10:30:00,133.0
06/03/2014,10:35:00,132.7
06/03/2014,10:40:00,132.8
06/03/2014,10:45:00,132.7
06/03/2014,10:50:00,132.75
06/03/2014,10:55:00,132.7
06/03/2014,11:00:00,132.7
06/03/2014,11:05:00,132.6
06/03/2014,11:10:00,132.7
06/03/2014,11:15:00,132.85
06/03/2014,11:20:00,132.9
06/03/2014,11:25:00,132.8
06/03/2014,11:30:00,132.85
06/03/2014,11:35:00,132.75
06/03/2014,11:40:00,132.9
06/03/2014,11:45:00,132.9
06/03/2014,11:50:00,132.8
06/03/2014,11:55:00,132.9
06/03/2014,12:00:00,132.9
06/03/2014,12:05:00,132.9
06/03/2014,12:10:00,132.9
06/03/2014,12:15:00,132.8
06/03/2014,12:20:00,132.9
06/03/2014,12:25:00,132.9
06/03/2014,12:30:00,132.85
06/03/2014,12:35:00,132.9
06/03/2014,12:40:00,132.9
06/03/2014,12:45:00,132.9
06/03/2014,12:50:00,132.9
06/03/2014,12:55:00,132.95
06/03/2014,13:00:00,132.9
06/03/2014,13:05:00,132.9
06/03/2014,13:10:00,132.9
06/03/2014,13:15:00,132.95
06/03/2014,13:20:00,132.9
06/03/2014,13:25:00,132.75
06/03/2014,13:30:00,132.9
06/03/2014,13:35:00,132.75
06/03/2014,13:40:00,132.7
06/03/2014,13:45:00,132.75
06/03/2014,13:50:00,132.9
06/03/2014,13:55:00,132.9
06/03/2014,14:00:00,132.9
06/03/2014,14:05:00,133.5
06/03/2014,14:10:00,133.3
06/03/2014,14:15:00,133.1
06/03/2014,14:20:00,133.0
06/03/2014,14:25:00,133.0
06/03/2014,14:30:00,132.95
06/03/2014,14:35:00,132.95
06/03/2014,14:40:00,132.95
06/03/2014,14:45:00,133.0
06/03/2014,14:50:00,132.8
06/03/2014,14:55:00,132.75
06/03/2014,15:00:00,132.75
06/03/2014,15:05:00,132.9
06/03/2014,15:10:00,132.75
06/03/2014,15:15:00,132.5
06/03/2014,15:20:00,132.3
06/03/2014,15:25:00,132.05
06/03/2014,15:30:00,132.55
07/03/2014,09:20:00,133.85
07/03/2014,09:25:00,133.7
07/03/2014,09:30:00,134.15
07/03/2014,09:35:00,133.95
07/03/2014,09:40:00,133.6
07/03/2014,09:45:00,133.55
07/03/2014,09:50:00,133.45
07/03/2014,09:55:00,133.4
07/03/2014,10:00:00,133.5
07/03/2014,10:05:00,133.2
07/03/2014,10:10:00,133.2
07/03/2014,10:15:00,133.3
07/03/2014,10:20:00,133.25
07/03/2014,10:25:00,133.35
07/03/2014,10:30:00,133.5
07/03/2014,10:35:00,132.85
07/03/2014,10:40:00,132.35
07/03/2014,10:45:00,131.8
07/03/2014,10:50:00,131.75
07/03/2014,10:55:00,131.75
07/03/2014,11:00:00,131.95
07/03/2014,11:05:00,132.15
07/03/2014,11:10:00,132.05
07/03/2014,11:15:00,132.2
07/03/2014,11:20:00,132.1
07/03/2014,11:25:00,132.15
07/03/2014,11:30:00,132.0
07/03/2014,11:35:00,131.7
07/03/2014,11:40:00,131.8
07/03/2014,11:45:00,132.0
07/03/2014,11:50:00,131.9
07/03/2014,11:55:00,131.75
07/03/2014,12:00:00,131.6
07/03/2014,12:05:00,131.3
07/03/2014,12:10:00,131.25
07/03/2014,12:15:00,131.05
07/03/2014,12:20:00,131.0
07/03/2014,12:25:00,131.1
07/03/2014,12:30:00,131.0
07/03/2014,12:35:00,130.8
07/03/2014,12:40:00,130.9
07/03/2014,12:45:00,130.75
07/03/2014,12:50:00,130.75
07/03/2014,12:55:00,132.0
07/03/2014,13:00:00,131.6
07/03/2014,13:05:00,131.8
07/03/2014,13:10:00,131.8
07/03/2014,13:15:00,131.65
07/03/2014,13:20:00,131.6
07/03/2014,13:25:00,131.5
07/03/2014,13:30:00,131.55
07/03/2014,13:35:00,131.2
07/03/2014,13:40:00,131.65
07/03/2014,13:45:00,131.7
07/03/2014,13:50:00,131.5
07/03/2014,13:55:00,131.6
07/03/2014,14:00:00,131.6
07/03/2014,14:05:00,131.5
07/03/2014,14:10:00,131.3
07/03/2014,14:15:00,131.35
07/03/2014,14:20:00,131.05
07/03/2014,14:25:00,131.4
07/03/2014,14:30:00,131.25
07/03/2014,14:35:00,131.35
07/03/2014,14:40:00,131.4
07/03/2014,14:45:00,131.85
07/03/2014,14:50:00,131.5
07/03/2014,14:55:00,131.55
07/03/2014,15:00:00,132.0
07/03/2014,15:05:00,131.8
07/03/2014,15:10:00,131.7
07/03/2014,15:15:00,131.9
07/03/2014,15:20:00,131.85
07/03/2014,15:25:00,131.65
07/03/2014,15:30:00,131.55
10/03/2014,09:20:00,130.8
10/03/2014,09:25:00,130.2
10/03/2014,09:30:00,130.7
10/03/2014,09:35:00,130.9
10/03/2014,09:40:00,131.8
10/03/2014,09:45:00,131.8
10/03/2014,09:50:00,131.9
10/03/2014,09:55:00,131.95
10/03/2014,10:00:00,131.9
10/03/2014,10:05:00,131.65
10/03/2014,10:10:00,130.85
10/03/2014,10:15:00,130.55
10/03/2014,10:20:00,130.65
10/03/2014,10:25:00,130.5
10/03/2014,10:30:00,130.5
10/03/2014,10:35:00,130.5
10/03/2014,10:40:00,130.35
10/03/2014,10:45:00,130.25
10/03/2014,10:50:00,130.1
10/03/2014,10:55:00,129.95
10/03/2014,11:00:00,130.0
10/03/2014,11:05:00,130.0
10/03/2014,11:10:00,130.05
10/03/2014,11:15:00,129.65
10/03/2014,11:20:00,129.45
10/03/2014,11:25:00,129.5
10/03/2014,11:30:00,129.5
10/03/2014,11:35:00,129.5
10/03/2014,11:40:00,129.5
10/03/2014,11:45:00,129.4
10/03/2014,11:50:00,129.4
10/03/2014,11:55:00,129.45
10/03/2014,12:00:00,129.4
10/03/2014,12:05:00,129.45
10/03/2014,12:10:00,129.3
10/03/2014,12:15:00,129.25
10/03/2014,12:20:00,129.2
10/03/2014,12:25:00,129.0
10/03/2014,12:30:00,128.65
10/03/2014,12:35:00,128.8
10/03/2014,12:40:00,128.5
10/03/2014,12:45:00,128.4
10/03/2014,12:50:00,128.1
10/03/2014,12:55:00,128.1
10/03/2014,13:00:00,128.55
10/03/2014,13:05:00,128.45
10/03/2014,13:10:00,128.8
10/03/2014,13:15:00,128.8
10/03/2014,13:20:00,129.1
10/03/2014,13:25:00,129.1
10/03/2014,13:30:00,128.8
10/03/2014,13:35:00,128.85
10/03/2014,13:40:00,128.95
10/03/2014,13:45:00,128.9
10/03/2014,13:50:00,129.25
10/03/2014,13:55:00,128.95
10/03/2014,14:00:00,128.95
10/03/2014,14:05:00,128.85
10/03/2014,14:10:00,129.0
10/03/2014,14:15:00,129.25
10/03/2014,14:20:00,129.25
10/03/2014,14:25:00,129.15
10/03/2014,14:30:00,129.15
10/03/2014,14:35:00,128.95
10/03/2014,14:40:00,129.25
10/03/2014,14:45:00,129.1
10/03/2014,14:50:00,129.0
10/03/2014,14:55:00,129.0
10/03/2014,15:00:00,129.0
10/03/2014,15:05:00,128.25
10/03/2014,15:10:00,128.35
10/03/2014,15:15:00,128.5
10/03/2014,15:20:00,128.1
10/03/2014,15:25:00,128.15
10/03/2014,15:30:00,128.2
11/03/2014,09:20:00,128.55
11/03/2014,09:25:00,127.85
11/03/2014,09:30:00,127.9
11/03/2014,09:35:00,127.65
11/03/2014,09:40:00,127.3
11/03/2014,09:45:00,126.8
11/03/2014,09:50:00,126.0
11/03/2014,09:55:00,125.75
11/03/2014,10:00:00,125.7
11/03/2014,10:05:00,125.75
11/03/2014,10:10:00,125.45
11/03/2014,10:15:00,125.4
11/03/2014,10:20:00,125.85
11/03/2014,10:25:00,125.7
11/03/2014,10:30:00,125.75
11/03/2014,10:35:00,125.35
11/03/2014,10:40:00,125.15
11/03/2014,10:45:00,125.0
11/03/2014,10:50:00,125.35
11/03/2014,10:55:00,125.05
11/03/2014,11:00:00,124.9
11/03/2014,11:05:00,124.85
11/03/2014,11:10:00,124.85
11/03/2014,11:15:00,125.15
11/03/2014,11:20:00,124.95
11/03/2014,11:25:00,124.9
11/03/2014,11:30:00,124.75
11/03/2014,11:35:00,124.85
11/03/2014,11:40:00,124.55
11/03/2014,11:45:00,124.9
11/03/2014,11:50:00,125.1
11/03/2014,11:55:00,125.5
11/03/2014,12:00:00,125.2
11/03/2014,12:05:00,125.25
11/03/2014,12:10:00,125.1
11/03/2014,12:15:00,125.15
11/03/2014,12:20:00,125.25
11/03/2014,12:25:00,125.35
11/03/2014,12:30:00,125.4
11/03/2014,12:35:00,125.0
11/03/2014,12:40:00,124.9
11/03/2014,12:45:00,124.9
11/03/2014,12:50:00,124.95
11/03/2014,12:55:00,124.85
11/03/2014,13:00:00,124.95
11/03/2014,13:05:00,124.95
11/03/2014,13:10:00,124.95
11/03/2014,13:15:00,124.95
11/03/2014,13:20:00,124.95
11/03/2014,13:25:00,124.9
11/03/2014,13:30:00,124.9
11/03/2014,13:35:00,124.95
11/03/2014,13:40:00,125.0
11/03/2014,13:45:00,124.8
11/03/2014,13:50:00,125.0
11/03/2014,13:55:00,125.1
11/03/2014,14:00:00,125.0
11/03/2014,14:05:00,125.0
11/03/2014,14:10:00,124.9
11/03/2014,14:15:00,124.95
11/03/2014,14:20:00,124.8
11/03/2014,14:25:00,124.9
11/03/2014,14:30:00,125.0
11/03/2014,14:35:00,124.95
11/03/2014,14:40:00,125.0
11/03/2014,14:45:00,125.0
11/03/2014,14:50:00,125.05
11/03/2014,14:55:00,125.05
11/03/2014,15:00:00,125.1
11/03/2014,15:05:00,125.0
11/03/2014,15:10:00,124.9
11/03/2014,15:15:00,125.1
11/03/2014,15:20:00,125.0
11/03/2014,15:25:00,125.0
11/03/2014,15:30:00,125.05
12/03/2014,09:20:00,123.35
12/03/2014,09:25:00,123.3
12/03/2014,09:30:00,123.4
12/03/2014,09:35:00,123.45
12/03/2014,09:40:00,123.6
12/03/2014,09:45:00,124.25
12/03/2014,09:50:00,124.6
12/03/2014,09:55:00,124.5
12/03/2014,10:00:00,126.05
12/03/2014,10:05:00,125.75
12/03/2014,10:10:00,125.9
12/03/2014,10:15:00,126.55
12/03/2014,10:20:00,126.6
12/03/2014,10:25:00,126.95
12/03/2014,10:30:00,126.9
12/03/2014,10:35:00,126.75
12/03/2014,10:40:00,126.75
12/03/2014,10:45:00,126.65
12/03/2014,10:50:00,126.6
12/03/2014,10:55:00,126.6
12/03/2014,11:00:00,126.55
12/03/2014,11:05:00,126.6
12/03/2014,11:10:00,126.5
12/03/2014,11:15:00,126.65
12/03/2014,11:20:00,126.65
12/03/2014,11:25:00,126.6
12/03/2014,11:30:00,126.75
12/03/2014,11:35:00,126.85
12/03/2014,11:40:00,127.05
12/03/2014,11:45:00,126.9
12/03/2014,11:50:00,126.75
12/03/2014,11:55:00,126.75
12/03/2014,12:00:00,127.1
12/03/2014,12:05:00,127.15
12/03/2014,12:10:00,127.25
12/03/2014,12:15:00,127.4
12/03/2014,12:20:00,127.05
12/03/2014,12:25:00,126.9
12/03/2014,12:30:00,127.05
12/03/2014,12:35:00,126.8
12/03/2014,12:40:00,126.65
12/03/2014,12:45:00,126.65
12/03/2014,12:50:00,126.75
12/03/2014,12:55:00,126.55
12/03/2014,13:00:00,127.3
12/03/2014,13:05:00,126.85
12/03/2014,13:10:00,126.8
12/03/2014,13:15:00,127.35
12/03/2014,13:20:00,127.8
12/03/2014,13:25:00,127.9
12/03/2014,13:30:00,127.8
12/03/2014,13:35:00,127.65
12/03/2014,13:40:00,127.5
12/03/2014,13:45:00,127.6
12/03/2014,13:50:00,127.8
12/03/2014,13:55:00,127.85
12/03/2014,14:00:00,127.75
12/03/2014,14:05:00,127.75
12/03/2014,14:10:00,127.8
12/03/2014,14:15:00,127.75
12/03/2014,14:20:00,127.8
12/03/2014,14:25:00,127.95
12/03/2014,14:30:00,127.65
12/03/2014,14:35:00,127.0
12/03/2014,14:40:00,126.95
12/03/2014,14:45:00,126.9
12/03/2014,14:50:00,126.65
12/03/2014,14:55:00,127.0
12/03/2014,15:00:00,126.95
12/03/2014,15:05:00,127.0
12/03/2014,15:10:00,127.0
12/03/2014,15:15:00,127.0
12/03/2014,15:20:00,126.95
12/03/2014,15:25:00,126.9
12/03/2014,15:30:00,126.95
13/03/2014,09:20:00,128.3
13/03/2014,09:25:00,128.3
13/03/2014,09:30:00,128.3
13/03/2014,09:35:00,128.0
13/03/2014,09:40:00,128.0
13/03/2014,09:45:00,128.0
13/03/2014,09:50:00,127.9
13/03/2014,09:55:00,127.85
13/03/2014,10:00:00,128.0
13/03/2014,10:05:00,127.95
13/03/2014,10:10:00,128.0
13/03/2014,10:15:00,127.9
13/03/2014,10:20:00,127.95
13/03/2014,10:25:00,127.95
13/03/2014,10:30:00,127.9
13/03/2014,10:35:00,128.0
13/03/2014,10:40:00,128.0
13/03/2014,10:45:00,127.9
13/03/2014,10:50:00,127.9
13/03/2014,10:55:00,127.85
13/03/2014,11:00:00,127.9
13/03/2014,11:05:00,127.95
13/03/2014,11:10:00,127.95
13/03/2014,11:15:00,128.2
13/03/2014,11:20:00,129.15
13/03/2014,11:25:00,129.15
13/03/2014,11:30:00,129.25
13/03/2014,11:35:00,129.65
13/03/2014,11:40:00,129.1
13/03/2014,11:45:00,129.3
13/03/2014,11:50:00,129.3
13/03/2014,11:55:00,129.8
13/03/2014,12:00:00,129.75
13/03/2014,12:05:00,129.65
13/03/2014,12:10:00,129.4
13/03/2014,12:15:00,129.5
13/03/2014,12:20:00,129.55
13/03/2014,12:25:00,129.85
13/03/2014,12:30:00,129.7
13/03/2014,12:35:00,129.25
13/03/2014,12:40:00,129.3
13/03/2014,12:45:00,129.2
13/03/2014,12:50:00,129.4
13/03/2014,12:55:00,129.4
13/03/2014,13:00:00,129.35
13/03/2014,13:05:00,129.35
13/03/2014,13:10:00,129.45
13/03/2014,13:15:00,129.8
13/03/2014,13:20:00,129.7
13/03/2014,13:25:00,129.5
13/03/2014,13:30:00,129.4
13/03/2014,13:35:00,129.4
13/03/2014,13:40:00,129.7
13/03/2014,13:45:00,129.9
13/03/2014,13:50:00,129.5
13/03/2014,13:55:00,129.6
13/03/2014,14:00:00,129.6
13/03/2014,14:05:00,129.8
13/03/2014,14:10:00,129.95
13/03/2014,14:15:00,129.15
13/03/2014,14:20:00,129.65
13/03/2014,14:25:00,129.55
13/03/2014,14:30:00,129.7
13/03/2014,14:35:00,129.5
13/03/2014,14:40:00,129.4
13/03/2014,14:45:00,128.85
13/03/2014,14:50:00,128.35
13/03/2014,14:55:00,128.2
13/03/2014,15:00:00,127.95
13/03/2014,15:05:00,127.5
13/03/2014,15:10:00,126.65
13/03/2014,15:15:00,126.15
13/03/2014,15:20:00,125.8
13/03/2014,15:25:00,125.85
13/03/2014,15:30:00,125.8
14/03/2014,09:20:00,126.7
14/03/2014,09:25:00,126.9
14/03/2014,09:30:00,126.8
14/03/2014,09:35:00,126.7
14/03/2014,09:40:00,126.7
14/03/2014,09:45:00,126.85
14/03/2014,09:50:00,126.85
14/03/2014,09:55:00,127.0
14/03/2014,10:00:00,126.8
14/03/2014,10:05:00,126.8
14/03/2014,10:10:00,126.6
14/03/2014,10:15:00,126.7
14/03/2014,10:20:00,126.85
14/03/2014,10:25:00,126.1
14/03/2014,10:30:00,126.15
14/03/2014,10:35:00,126.25
14/03/2014,10:40:00,126.0
14/03/2014,10:45:00,125.85
14/03/2014,10:50:00,125.95
14/03/2014,10:55:00,126.9
14/03/2014,11:00:00,126.7
14/03/2014,11:05:00,126.9
14/03/2014,11:10:00,127.0
14/03/2014,11:15:00,127.1
14/03/2014,11:20:00,127.45
14/03/2014,11:25:00,127.2
14/03/2014,11:30:00,127.9
14/03/2014,11:35:00,127.65
14/03/2014,11:40:00,127.85
14/03/2014,11:45:00,127.65
14/03/2014,11:50:00,127.55
14/03/2014,11:55:00,127.75
14/03/2014,12:00:00,127.7
14/03/2014,12:05:00,127.6
14/03/2014,12:10:00,127.9
14/03/2014,12:15:00,127.75
14/03/2014,12:20:00,127.6
14/03/2014,12:25:00,127.7
14/03/2014,12:30:00,127.4
14/03/2014,12:35:00,127.3
14/03/2014,12:40:00,127.45
14/03/2014,12:45:00,127.6
14/03/2014,12:50:00,127.8
14/03/2014,12:55:00,127.7
14/03/2014,13:00:00,127.85
14/03/2014,13:05:00,127.9
14/03/2014,13:10:00,128.15
14/03/2014,13:15:00,128.15
14/03/2014,13:20:00,128.3
14/03/2014,13:25:00,128.1
14/03/2014,13:30:00,128.4
14/03/2014,13:35:00,128.6
14/03/2014,13:40:00,128.55
14/03/2014,13:45:00,128.55
14/03/2014,13:50:00,128.7
14/03/2014,13:55:00,128.65
14/03/2014,14:00:00,128.9
14/03/2014,14:05:00,129.3
14/03/2014,14:10:00,129.15
14/03/2014,14:15:00,129.15
14/03/2014,14:20:00,129.05
14/03/2014,14:25:00,129.1
14/03/2014,14:30:00,129.15
14/03/2014,14:35:00,129.15
14/03/2014,14:40:00,129.05
14/03/2014,14:45:00,128.9
14/03/2014,14:50:00,129.1
14/03/2014,14:55:00,129.0
14/03/2014,15:00:00,128.8
14/03/2014,15:05:00,129.25
14/03/2014,15:10:00,129.15
14/03/2014,15:15:00,129.15
14/03/2014,15:20:00,129.4
14/03/2014,15:25:00,129.4
14/03/2014,15:30:00,129.4
18/03/2014,09:20:00,130.8
18/03/2014,09:25:00,130.05
18/03/2014,09:30:00,130.1
18/03/2014,09:35:00,130.5
18/03/2014,09:40:00,130.4
18/03/2014,09:45:00,130.35
18/03/2014,09:50:00,130.1
18/03/2014,09:55:00,130.3
18/03/2014,10:00:00,130.3
18/03/2014,10:05:00,130.3
18/03/2014,10:10:00,130.25
18/03/2014,10:15:00,130.35
18/03/2014,10:20:00,130.2
18/03/2014,10:25:00,130.25
18/03/2014,10:30:00,130.15
18/03/2014,10:35:00,130.3
18/03/2014,10:40:00,130.25
18/03/2014,10:45:00,130.3
18/03/2014,10:50:00,129.95
18/03/2014,10:55:00,129.5
18/03/2014,11:00:00,129.6
18/03/2014,11:05:00,129.9
18/03/2014,11:10:00,129.85
18/03/2014,11:15:00,130.25
18/03/2014,11:20:00,130.15
18/03/2014,11:25:00,130.0
18/03/2014,11:30:00,130.1
18/03/2014,11:35:00,130.2
18/03/2014,11:40:00,130.0
18/03/2014,11:45:00,130.15
18/03/2014,11:50:00,130.2
18/03/2014,11:55:00,130.3
18/03/2014,12:00:00,130.25
18/03/2014,12:05:00,130.05
18/03/2014,12:10:00,130.3
18/03/2014,12:15:00,130.3
18/03/2014,12:20:00,130.35
18/03/2014,12:25:00,130.2
18/03/2014,12:30:00,129.9
18/03/2014,12:35:00,129.9
18/03/2014,12:40:00,130.3
18/03/2014,12:45:00,130.6
18/03/2014,12:50:00,130.6
18/03/2014,12:55:00,130.7
18/03/2014,13:00:00,130.7
18/03/2014,13:05:00,130.75
18/03/2014,13:10:00,130.7
18/03/2014,13:15:00,130.7
18/03/2014,13:20:00,130.8
18/03/2014,13:25:00,130.7
18/03/2014,13:30:00,130.7
18/03/2014,13:35:00,130.75
18/03/2014,13:40:00,131.0
18/03/2014,13:45:00,130.8
18/03/2014,13:50:00,130.75
18/03/2014,13:55:00,130.65
18/03/2014,14:00:00,130.6
18/03/2014,14:05:00,130.35
18/03/2014,14:10:00,130.45
18/03/2014,14:15:00,130.6
18/03/2014,14:20:00,130.65
18/03/2014,14:25:00,130.65
18/03/2014,14:30:00,130.3
18/03/2014,14:35:00,130.15
18/03/2014,14:40:00,130.25
18/03/2014,14:45:00,130.0
18/03/2014,14:50:00,129.8
18/03/2014,14:55:00,129.9
18/03/2014,15:00:00,130.4
18/03/2014,15:05:00,129.85
18/03/2014,15:10:00,129.5
18/03/2014,15:15:00,129.35
18/03/2014,15:20:00,129.05
18/03/2014,15:25:00,128.85
18/03/2014,15:30:00,129.85
19/03/2014,09:20:00,129.9
19/03/2014,09:25:00,130.15
19/03/2014,09:30:00,130.7
19/03/2014,09:35:00,130.65
19/03/2014,09:40:00,130.45
19/03/2014,09:45:00,130.65
19/03/2014,09:50:00,130.95
19/03/2014,09:55:00,130.9
19/03/2014,10:00:00,130.9
19/03/2014,10:05:00,130.9
19/03/2014,10:10:00,130.8
19/03/2014,10:15:00,130.75
19/03/2014,10:20:00,130.9
19/03/2014,10:25:00,131.0
19/03/2014,10:30:00,131.1
19/03/2014,10:35:00,131.25
19/03/2014,10:40:00,131.7
19/03/2014,10:45:00,131.9
19/03/2014,10:50:00,132.3
19/03/2014,10:55:00,132.3
19/03/2014,11:00:00,132.3
19/03/2014,11:05:00,132.3
19/03/2014,11:10:00,132.25
19/03/2014,11:15:00,131.75
19/03/2014,11:20:00,131.85
19/03/2014,11:25:00,132.0
19/03/2014,11:30:00,131.95
19/03/2014,11:35:00,132.1
19/03/2014,11:40:00,131.95
19/03/2014,11:45:00,132.05
19/03/2014,11:50:00,132.0
19/03/2014,11:55:00,131.7
19/03/2014,12:00:00,131.8
19/03/2014,12:05:00,131.7
19/03/2014,12:10:00,131.3
19/03/2014,12:15:00,131.3
19/03/2014,12:20:00,131.35
19/03/2014,12:25:00,131.5
19/03/2014,12:30:00,131.35
19/03/2014,12:35:00,131.1
19/03/2014,12:40:00,131.35
19/03/2014,12:45:00,131.4
19/03/2014,12:50:00,131.45
19/03/2014,12:55:00,131.45
19/03/2014,13:00:00,131.5
19/03/2014,13:05:00,131.45
19/03/2014,13:10:00,131.4
19/03/2014,13:15:00,131.5
19/03/2014,13:20:00,131.8
19/03/2014,13:25:00,131.65
19/03/2014,13:30:00,131.8
19/03/2014,13:35:00,131.75
19/03/2014,13:40:00,131.7
19/03/2014,13:45:00,131.75
19/03/2014,13:50:00,131.65
19/03/2014,13:55:00,131.85
19/03/2014,14:00:00,131.8
19/03/2014,14:05:00,131.75
19/03/2014,14:10:00,131.7
19/03/2014,14:15:00,131.8
19/03/2014,14:20:00,131.75
19/03/2014,14:25:00,131.0
19/03/2014,14:30:00,131.3
19/03/2014,14:35:00,131.15
19/03/2014,14:40:00,131.4
19/03/2014,14:45:00,131.45
19/03/2014,14:50:00,131.4
19/03/2014,14:55:00,131.35
19/03/2014,15:00:00,131.15
19/03/2014,15:05:00,131.35
19/03/2014,15:10:00,131.25
19/03/2014,15:15:00,131.1
19/03/2014,15:20:00,130.9
19/03/2014,15:25:00,130.8
19/03/2014,15:30:00,131.05
20/03/2014,09:20:00,131.45
20/03/2014,09:25:00,132.8
20/03/2014,09:30:00,132.3
20/03/2014,09:35:00,132.0
20/03/2014,09:40:00,131.9
20/03/2014,09:45:00,132.15
20/03/2014,09:50:00,132.25
20/03/2014,09:55:00,132.2
20/03/2014,10:00:00,132.0
20/03/2014,10:05:00,131.65
20/03/2014,10:10:00,131.6
20/03/2014,10:15:00,131.6
20/03/2014,10:20:00,131.6
20/03/2014,10:25:00,131.8
20/03/2014,10:30:00,131.85
20/03/2014,10:35:00,132.0
20/03/2014,10:40:00,131.85
20/03/2014,10:45:00,131.45
20/03/2014,10:50:00,131.9
20/03/2014,10:55:00,131.7
20/03/2014,11:00:00,132.2
20/03/2014,11:05:00,132.0
20/03/2014,11:10:00,132.0
20/03/2014,11:15:00,132.0
20/03/2014,11:20:00,132.1
20/03/2014,11:25:00,132.15
20/03/2014,11:30:00,132.1
20/03/2014,11:35:00,132.25
20/03/2014,11:40:00,132.75
20/03/2014,11:45:00,132.75
20/03/2014,11:50:00,132.55
20/03/2014,11:55:00,132.6
20/03/2014,12:00:00,132.65
20/03/2014,12:05:00,132.25
20/03/2014,12:10:00,132.2
20/03/2014,12:15:00,132.35
20/03/2014,12:20:00,132.5
20/03/2014,12:25:00,132.4
20/03/2014,12:30:00,132.5
20/03/2014,12:35:00,132.4
20/03/2014,12:40:00,132.25
20/03/2014,12:45:00,132.4
20/03/2014,12:50:00,132.25
20/03/2014,12:55:00,132.25
20/03/2014,13:00:00,132.3
20/03/2014,13:05:00,132.25
20/03/2014,13:10:00,132.35
20/03/2014,13:15:00,132.0
20/03/2014,13:20:00,132.2
20/03/2014,13:25:00,132.7
20/03/2014,13:30:00,132.2
20/03/2014,13:35:00,132.4
20/03/2014,13:40:00,132.35
20/03/2014,13:45:00,132.4
20/03/2014,13:50:00,132.35
20/03/2014,13:55:00,132.25
20/03/2014,14:00:00,132.2
20/03/2014,14:05:00,132.0
20/03/2014,14:10:00,132.0
20/03/2014,14:15:00,131.95
20/03/2014,14:20:00,132.0
20/03/2014,14:25:00,131.95
20/03/2014,14:30:00,132.1
20/03/2014,14:35:00,131.9
20/03/2014,14:40:00,131.85
20/03/2014,14:45:00,132.05
20/03/2014,14:50:00,131.85
20/03/2014,14:55:00,131.55
20/03/2014,15:00:00,132.1
20/03/2014,15:05:00,132.4
20/03/2014,15:10:00,132.0
20/03/2014,15:15:00,131.85
20/03/2014,15:20:00,132.0
20/03/2014,15:25:00,132.25
20/03/2014,15:30:00,131.9
21/03/2014,09:20:00,132.35
21/03/2014,09:25:00,132.1
21/03/2014,09:30:00,131.85
21/03/2014,09:35:00,132.15
21/03/2014,09:40:00,132.25
21/03/2014,09:45:00,132.05
21/03/2014,09:50:00,132.15
21/03/2014,09:55:00,132.3
21/03/2014,10:00:00,132.15
21/03/2014,10:05:00,132.1
21/03/2014,10:10:00,132.1
21/03/2014,10:15:00,132.0
21/03/2014,10:20:00,132.05
21/03/2014,10:25:00,132.1
21/03/2014,10:30:00,132.05
21/03/2014,10:35:00,131.7
21/03/2014,10:40:00,131.35
21/03/2014,10:45:00,131.6
21/03/2014,10:50:00,131.55
21/03/2014,10:55:00,131.6
21/03/2014,11:00:00,131.65
21/03/2014,11:05:00,131.65
21/03/2014,11:10:00,131.8
21/03/2014,11:15:00,131.5
21/03/2014,11:20:00,131.3
21/03/2014,11:25:00,131.3
21/03/2014,11:30:00,131.45
21/03/2014,11:35:00,131.55
21/03/2014,11:40:00,131.55
21/03/2014,11:45:00,131.25
21/03/2014,11:50:00,131.4
21/03/2014,11:55:00,131.0
21/03/2014,12:00:00,131.0
21/03/2014,12:05:00,130.85
21/03/2014,12:10:00,130.9
21/03/2014,12:15:00,130.65
21/03/2014,12:20:00,130.75
21/03/2014,12:25:00,130.7
21/03/2014,12:30:00,130.7
21/03/2014,12:35:00,130.75
21/03/2014,12:40:00,131.0
21/03/2014,12:45:00,131.0
21/03/2014,12:50:00,131.0
21/03/2014,12:55:00,131.0
21/03/2014,13:00:00,130.95
21/03/2014,13:05:00,130.8
21/03/2014,13:10:00,130.8
21/03/2014,13:15:00,131.0
21/03/2014,13:20:00,131.05
21/03/2014,13:25:00,130.9
21/03/2014,13:30:00,130.85
21/03/2014,13:35:00,130.8
21/03/2014,13:40:00,130.8
21/03/2014,13:45:00,130.7
21/03/2014,13:50:00,130.75
21/03/2014,13:55:00,130.85
21/03/2014,14:00:00,130.9
21/03/2014,14:05:00,131.0
21/03/2014,14:10:00,130.8
21/03/2014,14:15:00,130.65
21/03/2014,14:20:00,130.65
21/03/2014,14:25:00,130.8
21/03/2014,14:30:00,130.9
21/03/2014,14:35:00,130.7
21/03/2014,14:40:00,130.4
21/03/2014,14:45:00,130.1
21/03/2014,14:50:00,130.2
21/03/2014,14:55:00,130.05
21/03/2014,15:00:00,130.45
21/03/2014,15:05:00,129.4
21/03/2014,15:10:00,128.45
21/03/2014,15:15:00,128.7
21/03/2014,15:20:00,128.5
21/03/2014,15:25:00,128.6
21/03/2014,15:30:00,128.95
24/03/2014,09:20:00,132.5
24/03/2014,09:25:00,132.5
24/03/2014,09:30:00,132.5
24/03/2014,09:35:00,132.6
24/03/2014,09:40:00,132.7
24/03/2014,09:45:00,132.65
24/03/2014,09:50:00,132.25
24/03/2014,09:55:00,132.35
24/03/2014,10:00:00,132.1
24/03/2014,10:05:00,132.05
24/03/2014,10:10:00,132.3
24/03/2014,10:15:00,132.15
24/03/2014,10:20:00,132.25
24/03/2014,10:25:00,132.05
24/03/2014,10:30:00,132.45
24/03/2014,10:35:00,132.35
24/03/2014,10:40:00,132.35
24/03/2014,10:45:00,132.8
24/03/2014,10:50:00,133.2
24/03/2014,10:55:00,133.05
24/03/2014,11:00:00,133.2
24/03/2014,11:05:00,133.1
24/03/2014,11:10:00,133.05
24/03/2014,11:15:00,133.0
24/03/2014,11:20:00,133.2
24/03/2014,11:25:00,133.2
24/03/2014,11:30:00,133.2
24/03/2014,11:35:00,133.3
24/03/2014,11:40:00,133.35
24/03/2014,11:45:00,133.3
24/03/2014,11:50:00,133.55
24/03/2014,11:55:00,133.65
24/03/2014,12:00:00,133.85
24/03/2014,12:05:00,133.95
24/03/2014,12:10:00,133.95
24/03/2014,12:15:00,134.0
24/03/2014,12:20:00,134.0
24/03/2014,12:25:00,134.1
24/03/2014,12:30:00,134.1
24/03/2014,12:35:00,134.35
24/03/2014,12:40:00,134.5
24/03/2014,12:45:00,134.55
24/03/2014,12:50:00,134.45
24/03/2014,12:55:00,134.5
24/03/2014,13:00:00,134.65
24/03/2014,13:05:00,134.45
24/03/2014,13:10:00,134.8
24/03/2014,13:15:00,135.0
24/03/2014,13:20:00,134.85
24/03/2014,13:25:00,134.85
24/03/2014,13:30:00,135.5
24/03/2014,13:35:00,135.95
24/03/2014,13:40:00,136.1
24/03/2014,13:45:00,135.75
24/03/2014,13:50:00,135.45
24/03/2014,13:55:00,135.1
24/03/2014,14:00:00,135.3
24/03/2014,14:05:00,134.65
24/03/2014,14:10:00,134.85
24/03/2014,14:15:00,134.8
24/03/2014,14:20:00,134.9
24/03/2014,14:25:00,134.9
24/03/2014,14:30:00,134.75
24/03/2014,14:35:00,134.4
24/03/2014,14:40:00,134.95
24/03/2014,14:45:00,135.0
24/03/2014,14:50:00,134.4
24/03/2014,14:55:00,134.65
24/03/2014,15:00:00,134.9
24/03/2014,15:05:00,134.65
24/03/2014,15:10:00,134.8
24/03/2014,15:15:00,134.75
24/03/2014,15:20:00,134.35
24/03/2014,15:25:00,134.2
24/03/2014,15:30:00,134.5
25/03/2014,09:20:00,136.35
25/03/2014,09:25:00,136.9
25/03/2014,09:30:00,136.9
25/03/2014,09:35:00,136.25
25/03/2014,09:40:00,136.35
25/03/2014,09:45:00,136.3
25/03/2014,09:50:00,136.2
25/03/2014,09:55:00,135.95
25/03/2014,10:00:00,135.55
25/03/2014,10:05:00,135.5
25/03/2014,10:10:00,135.25
25/03/2014,10:15:00,135.25
25/03/2014,10:20:00,135.6
25/03/2014,10:25:00,135.55
25/03/2014,10:30:00,135.9
25/03/2014,10:35:00,135.9
25/03/2014,10:40:00,135.9
25/03/2014,10:45:00,135.9
25/03/2014,10:50:00,135.9
25/03/2014,10:55:00,136.0
25/03/2014,11:00:00,136.05
25/03/2014,11:05:00,136.0
25/03/2014,11:10:00,135.65
25/03/2014,11:15:00,135.9
25/03/2014,11:20:00,135.85
25/03/2014,11:25:00,135.9
25/03/2014,11:30:00,135.85
25/03/2014,11:35:00,135.7
25/03/2014,11:40:00,135.55
25/03/2014,11:45:00,135.65
25/03/2014,11:50:00,135.5
25/03/2014,11:55:00,135.05
25/03/2014,12:00:00,134.95
25/03/2014,12:05:00,135.0
25/03/2014,12:10:00,134.75
25/03/2014,12:15:00,135.0
25/03/2014,12:20:00,134.95
25/03/2014,12:25:00,134.9
25/03/2014,12:30:00,134.95
25/03/2014,12:35:00,134.9
25/03/2014,12:40:00,134.75
25/03/2014,12:45:00,135.0
25/03/2014,12:50:00,135.0
25/03/2014,12:55:00,135.0
25/03/2014,13:00:00,134.95
25/03/2014,13:05:00,135.0
25/03/2014,13:10:00,135.0
25/03/2014,13:15:00,135.0
25/03/2014,13:20:00,135.0
25/03/2014,13:25:00,134.95
25/03/2014,13:30:00,135.0
25/03/2014,13:35:00,135.0
25/03/2014,13:40:00,135.0
25/03/2014,13:45:00,135.0
25/03/2014,13:50:00,134.95
25/03/2014,13:55:00,134.75
25/03/2014,14:00:00,134.9
25/03/2014,14:05:00,134.95
25/03/2014,14:10:00,134.95
25/03/2014,14:15:00,134.95
25/03/2014,14:20:00,134.85
25/03/2014,14:25:00,134.85
25/03/2014,14:30:00,134.95
25/03/2014,14:35:00,134.8
25/03/2014,14:40:00,134.9
25/03/2014,14:45:00,134.95
25/03/2014,14:50:00,134.95
25/03/2014,14:55:00,134.95
25/03/2014,15:00:00,134.95
25/03/2014,15:05:00,135.0
25/03/2014,15:10:00,134.65
25/03/2014,15:15:00,134.55
25/03/2014,15:20:00,134.55
25/03/2014,15:25:00,134.85
25/03/2014,15:30:00,134.95
26/03/2014,09:20:00,136.4
26/03/2014,09:25:00,136.6
26/03/2014,09:30:00,136.35
26/03/2014,09:35:00,136.2
26/03/2014,09:40:00,136.55
26/03/2014,09:45:00,136.45
26/03/2014,09:50:00,136.25
26/03/2014,09:55:00,136.25
26/03/2014,10:00:00,136.3
26/03/2014,10:05:00,136.35
26/03/2014,10:10:00,136.1
26/03/2014,10:15:00,136.1
26/03/2014,10:20:00,136.1
26/03/2014,10:25:00,136.2
26/03/2014,10:30:00,136.1
26/03/2014,10:35:00,136.1
26/03/2014,10:40:00,136.3
26/03/2014,10:45:00,136.4
26/03/2014,10:50:00,136.4
26/03/2014,10:55:00,136.4
26/03/2014,11:00:00,136.5
26/03/2014,11:05:00,136.5
26/03/2014,11:10:00,136.5
26/03/2014,11:15:00,136.6
26/03/2014,11:20:00,136.45
26/03/2014,11:25:00,136.5
26/03/2014,11:30:00,136.5
26/03/2014,11:35:00,136.45
26/03/2014,11:40:00,136.5
26/03/2014,11:45:00,136.45
26/03/2014,11:50:00,136.45
26/03/2014,11:55:00,136.5
26/03/2014,12:00:00,136.5
26/03/2014,12:05:00,136.5
26/03/2014,12:10:00,136.5
26/03/2014,12:15:00,136.45
26/03/2014,12:20:00,136.45
26/03/2014,12:25:00,135.9
26/03/2014,12:30:00,136.35
26/03/2014,12:35:00,136.35
26/03/2014,12:40:00,136.35
26/03/2014,12:45:00,136.3
26/03/2014,12:50:00,136.2
26/03/2014,12:55:00,136.15
26/03/2014,13:00:00,136.0
26/03/2014,13:05:00,135.75
26/03/2014,13:10:00,135.85
26/03/2014,13:15:00,135.85
26/03/2014,13:20:00,135.95
26/03/2014,13:25:00,135.95
26/03/2014,13:30:00,136.0
26/03/2014,13:35:00,135.8
26/03/2014,13:40:00,135.85
26/03/2014,13:45:00,135.7
26/03/2014,13:50:00,135.8
26/03/2014,13:55:00,135.8
26/03/2014,14:00:00,135.9
26/03/2014,14:05:00,136.0
26/03/2014,14:10:00,135.65
26/03/2014,14:15:00,135.6
26/03/2014,14:20:00,135.15
26/03/2014,14:25:00,135.0
26/03/2014,14:30:00,135.0
26/03/2014,14:35:00,134.8
26/03/2014,14:40:00,134.75
26/03/2014,14:45:00,135.05
26/03/2014,14:50:00,135.1
26/03/2014,14:55:00,135.0
26/03/2014,15:00:00,135.0
26/03/2014,15:05:00,135.5
26/03/2014,15:10:00,135.0
26/03/2014,15:15:00,135.0
26/03/2014,15:20:00,134.7
26/03/2014,15:25:00,134.65
26/03/2014,15:30:00,135.0
27/03/2014,09:20:00,134.75
27/03/2014,09:25:00,134.85
27/03/2014,09:30:00,134.95
27/03/2014,09:35:00,134.65
27/03/2014,09:40:00,134.95
27/03/2014,09:45:00,135.2
27/03/2014,09:50:00,135.7
27/03/2014,09:55:00,135.9
27/03/2014,10:00:00,135.65
27/03/2014,10:05:00,135.7
27/03/2014,10:10:00,135.6
27/03/2014,10:15:00,135.4
27/03/2014,10:20:00,135.5
27/03/2014,10:25:00,135.4
27/03/2014,10:30:00,135.45
27/03/2014,10:35:00,135.35
27/03/2014,10:40:00,135.45
27/03/2014,10:45:00,135.5
27/03/2014,10:50:00,135.4
27/03/2014,10:55:00,135.25
27/03/2014,11:00:00,135.35
27/03/2014,11:05:00,135.0
27/03/2014,11:10:00,134.8
27/03/2014,11:15:00,135.0
27/03/2014,11:20:00,134.95
27/03/2014,11:25:00,135.0
27/03/2014,11:30:00,135.0
27/03/2014,11:35:00,135.0
27/03/2014,11:40:00,135.0
27/03/2014,11:45:00,135.0
27/03/2014,11:50:00,134.95
27/03/2014,11:55:00,134.9
27/03/2014,12:00:00,135.0
27/03/2014,12:05:00,134.95
27/03/2014,12:10:00,134.95
27/03/2014,12:15:00,135.0
27/03/2014,12:20:00,134.95
27/03/2014,12:25:00,135.0
27/03/2014,12:30:00,135.0
27/03/2014,12:35:00,135.0
27/03/2014,12:40:00,135.0
27/03/2014,12:45:00,134.95
27/03/2014,12:50:00,134.85
27/03/2014,12:55:00,135.0
27/03/2014,13:00:00,134.95
27/03/2014,13:05:00,135.0
27/03/2014,13:10:00,135.0
27/03/2014,13:15:00,134.95
27/03/2014,13:20:00,135.0
27/03/2014,13:25:00,135.45
27/03/2014,13:30:00,135.0
27/03/2014,13:35:00,135.0
27/03/2014,13:40:00,134.85
27/03/2014,13:45:00,135.0
27/03/2014,13:50:00,135.0
27/03/2014,13:55:00,135.0
27/03/2014,14:00:00,134.85
27/03/2014,14:05:00,134.95
27/03/2014,14:10:00,135.0
27/03/2014,14:15:00,134.85
27/03/2014,14:20:00,135.0
27/03/2014,14:25:00,135.0
27/03/2014,14:30:00,135.0
27/03/2014,14:35:00,135.0
27/03/2014,14:40:00,135.85
27/03/2014,14:45:00,135.85
27/03/2014,14:50:00,136.0
27/03/2014,14:55:00,136.0
27/03/2014,15:00:00,135.9
27/03/2014,15:05:00,135.8
27/03/2014,15:10:00,135.55
27/03/2014,15:15:00,135.25
27/03/2014,15:20:00,135.75
27/03/2014,15:25:00,134.9
27/03/2014,15:30:00,135.0
28/03/2014,09:20:00,136.0
28/03/2014,09:25:00,135.75
28/03/2014,09:30:00,135.7
28/03/2014,09:35:00,135.55
28/03/2014,09:40:00,135.45
28/03/2014,09:45:00,135.5
28/03/2014,09:50:00,135.55
28/03/2014,09:55:00,135.75
28/03/2014,10:00:00,135.75
28/03/2014,10:05:00,135.8
28/03/2014,10:10:00,136.55
28/03/2014,10:15:00,136.35
28/03/2014,10:20:00,136.6
28/03/2014,10:25:00,136.5
28/03/2014,10:30:00,136.7
28/03/2014,10:35:00,136.65
28/03/2014,10:40:00,136.75
28/03/2014,10:45:00,136.4
28/03/2014,10:50:00,136.15
28/03/2014,10:55:00,136.15
28/03/2014,11:00:00,136.0
28/03/2014,11:05:00,136.05
28/03/2014,11:10:00,135.95
28/03/2014,11:15:00,135.85
28/03/2014,11:20:00,135.7
28/03/2014,11:25:00,135.95
28/03/2014,11:30:00,135.85
28/03/2014,11:35:00,135.8
28/03/2014,11:40:00,135.65
28/03/2014,11:45:00,135.95
28/03/2014,11:50:00,136.3
28/03/2014,11:55:00,136.1
28/03/2014,12:00:00,136.7
28/03/2014,12:05:00,136.65
28/03/2014,12:10:00,136.65
28/03/2014,12:15:00,136.45
28/03/2014,12:20:00,136.1
28/03/2014,12:25:00,136.0
28/03/2014,12:30:00,136.05
28/03/2014,12:35:00,136.0
28/03/2014,12:40:00,136.0
28/03/2014,12:45:00,136.0
28/03/2014,12:50:00,135.95
28/03/2014,12:55:00,135.95
28/03/2014,13:00:00,136.0
28/03/2014,13:05:00,135.95
28/03/2014,13:10:00,136.0
28/03/2014,13:15:00,136.05
28/03/2014,13:20:00,136.0
28/03/2014,13:25:00,136.0
28/03/2014,13:30:00,136.0
28/03/2014,13:35:00,136.0
28/03/2014,13:40:00,136.0
28/03/2014,13:45:00,136.15
28/03/2014,13:50:00,136.55
28/03/2014,13:55:00,136.7
28/03/2014,14:00:00,137.65
28/03/2014,14:05:00,138.3
28/03/2014,14:10:00,138.1
28/03/2014,14:15:00,138.15
28/03/2014,14:20:00,137.6
28/03/2014,14:25:00,138.1
28/03/2014,14:30:00,137.55
28/03/2014,14:35:00,137.35
28/03/2014,14:40:00,137.9
28/03/2014,14:45:00,137.8
28/03/2014,14:50:00,138.2
28/03/2014,14:55:00,138.1
28/03/2014,15:00:00,138.2
28/03/2014,15:05:00,138.55
28/03/2014,15:10:00,138.45
28/03/2014,15:15:00,138.55
28/03/2014,15:20:00,138.5
28/03/2014,15:25:00,138.7
28/03/2014,15:30:00,138.4
31/03/2014,09:20:00,139.75
31/03/2014,09:25:00,139.75
31/03/2014,09:30:00,139.75
31/03/2014,09:35:00,139.75
31/03/2014,09:40:00,139.75
31/03/2014,09:45:00,139.55
31/03/2014,09:50:00,139.8
31/03/2014,09:55:00,140.25
31/03/2014,10:00:00,140.85
31/03/2014,10:05:00,141.5
31/03/2014,10:10:00,141.1
31/03/2014,10:15:00,140.95
31/03/2014,10:20:00,140.8
31/03/2014,10:25:00,140.15
31/03/2014,10:30:00,140.3
31/03/2014,10:35:00,140.3
31/03/2014,10:40:00,140.4
31/03/2014,10:45:00,140.5
31/03/2014,10:50:00,140.8
31/03/2014,10:55:00,140.75
31/03/2014,11:00:00,140.75
31/03/2014,11:05:00,140.95
31/03/2014,11:10:00,140.8
31/03/2014,11:15:00,140.95
31/03/2014,11:20:00,140.95
31/03/2014,11:25:00,140.25
31/03/2014,11:30:00,140.6
31/03/2014,11:35:00,140.65
31/03/2014,11:40:00,140.8
31/03/2014,11:45:00,140.55
31/03/2014,11:50:00,140.5
31/03/2014,11:55:00,140.4
31/03/2014,12:00:00,140.15
31/03/2014,12:05:00,140.15
31/03/2014,12:10:00,139.75
31/03/2014,12:15:00,139.25
31/03/2014,12:20:00,139.6
31/03/2014,12:25:00,139.8
31/03/2014,12:30:00,139.9
31/03/2014,12:35:00,139.9
31/03/2014,12:40:00,140.0
31/03/2014,12:45:00,140.5
31/03/2014,12:50:00,140.15
31/03/2014,12:55:00,140.0
31/03/2014,13:00:00,140.35
31/03/2014,13:05:00,140.1
31/03/2014,13:10:00,140.4
31/03/2014,13:15:00,140.0
31/03/2014,13:20:00,139.5
31/03/2014,13:25:00,139.45
31/03/2014,13:30:00,139.05
31/03/2014,13:35:00,138.85
31/03/2014,13:40:00,139.0
31/03/2014,13:45:00,139.4
31/03/2014,13:50:00,139.05
31/03/2014,13:55:00,139.1
31/03/2014,14:00:00,139.5
31/03/2014,14:05:00,139.75
31/03/2014,14:10:00,140.2
31/03/2014,14:15:00,140.25
31/03/2014,14:20:00,140.25
31/03/2014,14:25:00,140.3
31/03/2014,14:30:00,140.2
31/03/2014,14:35:00,140.65
31/03/2014,14:40:00,140.65
31/03/2014,14:45:00,139.7
31/03/2014,14:50:00,139.8
31/03/2014,14:55:00,140.05
31/03/2014,15:00:00,139.8
31/03/2014,15:05:00,139.95
31/03/2014,15:10:00,139.7
31/03/2014,15:15:00,138.9
31/03/2014,15:20:00,138.8
31/03/2014,15:25:00,138.95
31/03/2014,15:30:00,139.2
01/04/2014,09:20:00,139.9
01/04/2014,09:25:00,139.4
01/04/2014,09:30:00,139.1
01/04/2014,09:35:00,138.55
01/04/2014,09:40:00,138.55
01/04/2014,09:45:00,138.35
01/04/2014,09:50:00,138.5
01/04/2014,09:55:00,138.2
01/04/2014,10:00:00,138.55
01/04/2014,10:05:00,138.6
01/04/2014,10:10:00,138.75
01/04/2014,10:15:00,138.85
01/04/2014,10:20:00,138.95
01/04/2014,10:25:00,138.75
01/04/2014,10:30:00,138.8
01/04/2014,10:35:00,138.2
01/04/2014,10:40:00,138.0
01/04/2014,10:45:00,137.7
01/04/2014,10:50:00,137.8
01/04/2014,10:55:00,137.95
01/04/2014,11:00:00,137.9
01/04/2014,11:05:00,137.8
01/04/2014,11:10:00,138.05
01/04/2014,11:15:00,138.0
01/04/2014,11:20:00,137.95
01/04/2014,11:25:00,138.0
01/04/2014,11:30:00,137.8
01/04/2014,11:35:00,137.95
01/04/2014,11:40:00,137.7
01/04/2014,11:45:00,137.95
01/04/2014,11:50:00,137.5
01/04/2014,11:55:00,137.5
01/04/2014,12:00:00,137.5
01/04/2014,12:05:00,137.6
01/04/2014,12:10:00,137.5
01/04/2014,12:15:00,137.45
01/04/2014,12:20:00,137.45
01/04/2014,12:25:00,137.25
01/04/2014,12:30:00,137.35
01/04/2014,12:35:00,137.35
01/04/2014,12:40:00,137.0
01/04/2014,12:45:00,137.45
01/04/2014,12:50:00,136.95
01/04/2014,12:55:00,137.0
01/04/2014,13:00:00,137.0
01/04/2014,13:05:00,137.0
01/04/2014,13:10:00,137.3
01/04/2014,13:15:00,137.3
01/04/2014,13:20:00,137.3
01/04/2014,13:25:00,137.35
01/04/2014,13:30:00,137.4
01/04/2014,13:35:00,137.25
01/04/2014,13:40:00,137.8
01/04/2014,13:45:00,137.8
01/04/2014,13:50:00,137.85
01/04/2014,13:55:00,137.6
01/04/2014,14:00:00,137.65
01/04/2014,14:05:00,137.65
01/04/2014,14:10:00,137.5
01/04/2014,14:15:00,137.5
01/04/2014,14:20:00,137.5
01/04/2014,14:25:00,137.65
01/04/2014,14:30:00,137.7
01/04/2014,14:35:00,137.45
01/04/2014,14:40:00,137.85
01/04/2014,14:45:00,138.0
01/04/2014,14:50:00,137.8
01/04/2014,14:55:00,137.75
01/04/2014,15:00:00,137.65
01/04/2014,15:05:00,137.6
01/04/2014,15:10:00,137.5
01/04/2014,15:15:00,137.65
01/04/2014,15:20:00,137.65
01/04/2014,15:25:00,137.5
01/04/2014,15:30:00,137.25
02/04/2014,09:20:00,138.9
02/04/2014,09:25:00,138.95
02/04/2014,09:30:00,138.9
02/04/2014,09:35:00,139.0
02/04/2014,09:40:00,139.05
02/04/2014,09:45:00,139.95
02/04/2014,09:50:00,139.8
02/04/2014,09:55:00,139.05
02/04/2014,10:00:00,139.2
02/04/2014,10:05:00,138.75
02/04/2014,10:10:00,138.95
02/04/2014,10:15:00,138.85
02/04/2014,10:20:00,138.85
02/04/2014,10:25:00,139.1
02/04/2014,10:30:00,139.1
02/04/2014,10:35:00,139.0
02/04/2014,10:40:00,139.3
02/04/2014,10:45:00,139.5
02/04/2014,10:50:00,139.45
02/04/2014,10:55:00,139.4
02/04/2014,11:00:00,139.4
02/04/2014,11:05:00,139.4
02/04/2014,11:10:00,139.35
02/04/2014,11:15:00,139.5
02/04/2014,11:20:00,139.5
02/04/2014,11:25:00,139.55
02/04/2014,11:30:00,139.75
02/04/2014,11:35:00,139.3
02/04/2014,11:40:00,139.05
02/04/2014,11:45:00,138.85
02/04/2014,11:50:00,139.2
02/04/2014,11:55:00,139.25
02/04/2014,12:00:00,139.45
02/04/2014,12:05:00,139.5
02/04/2014,12:10:00,139.3
02/04/2014,12:15:00,139.75
02/04/2014,12:20:00,139.7
02/04/2014,12:25:00,139.75
02/04/2014,12:30:00,139.7
02/04/2014,12:35:00,139.65
02/04/2014,12:40:00,139.6
02/04/2014,12:45:00,139.5
02/04/2014,12:50:00,139.5
02/04/2014,12:55:00,139.45
02/04/2014,13:00:00,139.65
02/04/2014,13:05:00,140.35
02/04/2014,13:10:00,140.35
02/04/2014,13:15:00,140.25
02/04/2014,13:20:00,140.3
02/04/2014,13:25:00,140.5
02/04/2014,13:30:00,139.7
02/04/2014,13:35:00,139.25
02/04/2014,13:40:00,139.45
02/04/2014,13:45:00,139.6
02/04/2014,13:50:00,139.7
02/04/2014,13:55:00,139.5
02/04/2014,14:00:00,139.65
02/04/2014,14:05:00,139.6
02/04/2014,14:10:00,139.4
02/04/2014,14:15:00,139.6
02/04/2014,14:20:00,139.35
02/04/2014,14:25:00,139.5
02/04/2014,14:30:00,139.5
02/04/2014,14:35:00,139.45
02/04/2014,14:40:00,139.5
02/04/2014,14:45:00,139.5
02/04/2014,14:50:00,139.45
02/04/2014,14:55:00,139.35
02/04/2014,15:00:00,139.4
02/04/2014,15:05:00,139.2
02/04/2014,15:10:00,139.0
02/04/2014,15:15:00,138.55
02/04/2014,15:20:00,138.55
02/04/2014,15:25:00,138.6
02/04/2014,15:30:00,138.9
03/04/2014,09:20:00,140.1
03/04/2014,09:25:00,139.75
03/04/2014,09:30:00,140.25
03/04/2014,09:35:00,140.0
03/04/2014,09:40:00,139.95
03/04/2014,09:45:00,140.1
03/04/2014,09:50:00,140.85
03/04/2014,09:55:00,140.7
03/04/2014,10:00:00,141.0
03/04/2014,10:05:00,140.7
03/04/2014,10:10:00,140.9
03/04/2014,10:15:00,140.8
03/04/2014,10:20:00,141.95
03/04/2014,10:25:00,142.05
03/04/2014,10:30:00,142.3
03/04/2014,10:35:00,142.75
03/04/2014,10:40:00,142.75
03/04/2014,10:45:00,143.8
03/04/2014,10:50:00,143.1
03/04/2014,10:55:00,142.75
03/04/2014,11:00:00,143.15
03/04/2014,11:05:00,142.95
03/04/2014,11:10:00,142.8
03/04/2014,11:15:00,142.8
03/04/2014,11:20:00,142.85
03/04/2014,11:25:00,142.8
03/04/2014,11:30:00,142.7
03/04/2014,11:35:00,142.5
03/04/2014,11:40:00,142.65
03/04/2014,11:45:00,142.25
03/04/2014,11:50:00,142.45
03/04/2014,11:55:00,142.1
03/04/2014,12:00:00,142.0
03/04/2014,12:05:00,141.85
03/04/2014,12:10:00,141.9
03/04/2014,12:15:00,142.1
03/04/2014,12:20:00,142.0
03/04/2014,12:25:00,141.95
03/04/2014,12:30:00,142.0
03/04/2014,12:35:00,142.0
03/04/2014,12:40:00,142.0
03/04/2014,12:45:00,141.8
03/04/2014,12:50:00,141.75
03/04/2014,12:55:00,141.9
03/04/2014,13:00:00,141.9
03/04/2014,13:05:00,141.85
03/04/2014,13:10:00,141.9
03/04/2014,13:15:00,141.9
03/04/2014,13:20:00,141.75
03/04/2014,13:25:00,141.7
03/04/2014,13:30:00,141.8
03/04/2014,13:35:00,141.45
03/04/2014,13:40:00,141.7
03/04/2014,13:45:00,141.75
03/04/2014,13:50:00,141.85
03/04/2014,13:55:00,142.25
03/04/2014,14:00:00,141.8
03/04/2014,14:05:00,141.95
03/04/2014,14:10:00,142.0
03/04/2014,14:15:00,142.0
03/04/2014,14:20:00,141.95
03/04/2014,14:25:00,141.3
03/04/2014,14:30:00,141.45
03/04/2014,14:35:00,141.25
03/04/2014,14:40:00,141.35
03/04/2014,14:45:00,140.8
03/04/2014,14:50:00,140.9
03/04/2014,14:55:00,140.7
03/04/2014,15:00:00,140.8
03/04/2014,15:05:00,140.35
03/04/2014,15:10:00,140.9
03/04/2014,15:15:00,140.95
03/04/2014,15:20:00,140.95
03/04/2014,15:25:00,141.0
03/04/2014,15:30:00,141.0
04/04/2014,09:20:00,142.0
04/04/2014,09:25:00,141.5
04/04/2014,09:30:00,141.5
04/04/2014,09:35:00,141.5
04/04/2014,09:40:00,141.0
04/04/2014,09:45:00,140.95
04/04/2014,09:50:00,140.95
04/04/2014,09:55:00,140.95
04/04/2014,10:00:00,141.0
04/04/2014,10:05:00,141.0
04/04/2014,10:10:00,140.95
04/04/2014,10:15:00,141.0
04/04/2014,10:20:00,140.95
04/04/2014,10:25:00,140.9
04/04/2014,10:30:00,141.0
04/04/2014,10:35:00,141.0
04/04/2014,10:40:00,140.9
04/04/2014,10:45:00,141.0
04/04/2014,10:50:00,141.0
04/04/2014,10:55:00,141.4
04/04/2014,11:00:00,141.6
04/04/2014,11:05:00,141.9
04/04/2014,11:10:00,141.95
04/04/2014,11:15:00,141.85
04/04/2014,11:20:00,142.2
04/04/2014,11:25:00,142.2
04/04/2014,11:30:00,142.0
04/04/2014,11:35:00,142.15
04/04/2014,11:40:00,142.75
04/04/2014,11:45:00,142.6
04/04/2014,11:50:00,142.45
04/04/2014,11:55:00,142.45
04/04/2014,12:00:00,142.35
04/04/2014,12:05:00,142.1
04/04/2014,12:10:00,141.85
04/04/2014,12:15:00,142.0
04/04/2014,12:20:00,142.05
04/04/2014,12:25:00,141.8
04/04/2014,12:30:00,141.8
04/04/2014,12:35:00,141.75
04/04/2014,12:40:00,141.5
04/04/2014,12:45:00,141.6
04/04/2014,12:50:00,141.65
04/04/2014,12:55:00,141.5
04/04/2014,13:00:00,141.5
04/04/2014,13:05:00,141.5
04/04/2014,13:10:00,141.3
04/04/2014,13:15:00,141.4
04/04/2014,13:20:00,141.35
04/04/2014,13:25:00,141.25
04/04/2014,13:30:00,141.5
04/04/2014,13:35:00,141.5
04/04/2014,13:40:00,141.4
04/04/2014,13:45:00,141.45
04/04/2014,13:50:00,141.5
04/04/2014,13:55:00,141.5
04/04/2014,14:00:00,141.5
04/04/2014,14:05:00,140.85
04/04/2014,14:10:00,140.8
04/04/2014,14:15:00,140.75
04/04/2014,14:20:00,141.05
04/04/2014,14:25:00,141.05
04/04/2014,14:30:00,141.0
04/04/2014,14:35:00,141.0
04/04/2014,14:40:00,141.0
04/04/2014,14:45:00,140.85
04/04/2014,14:50:00,140.9
04/04/2014,14:55:00,140.85
04/04/2014,15:00:00,140.5
04/04/2014,15:05:00,140.1
04/04/2014,15:10:00,140.4
04/04/2014,15:15:00,140.6
04/04/2014,15:20:00,140.55
04/04/2014,15:25:00,140.25
04/04/2014,15:30:00,140.35
07/04/2014,09:20:00,141.65
07/04/2014,09:25:00,141.8
07/04/2014,09:30:00,142.2
07/04/2014,09:35:00,142.55
07/04/2014,09:40:00,143.55
07/04/2014,09:45:00,143.2
07/04/2014,09:50:00,143.05
07/04/2014,09:55:00,143.1
07/04/2014,10:00:00,143.2
07/04/2014,10:05:00,143.1
07/04/2014,10:10:00,142.8
07/04/2014,10:15:00,142.85
07/04/2014,10:20:00,142.95
07/04/2014,10:25:00,142.9
07/04/2014,10:30:00,142.75
07/04/2014,10:35:00,142.45
07/04/2014,10:40:00,142.5
07/04/2014,10:45:00,142.5
07/04/2014,10:50:00,142.4
07/04/2014,10:55:00,142.25
07/04/2014,11:00:00,142.1
07/04/2014,11:05:00,142.1
07/04/2014,11:10:00,142.1
07/04/2014,11:15:00,141.9
07/04/2014,11:20:00,142.0
07/04/2014,11:25:00,142.05
07/04/2014,11:30:00,142.15
07/04/2014,11:35:00,142.4
07/04/2014,11:40:00,142.1
07/04/2014,11:45:00,142.4
07/04/2014,11:50:00,142.55
07/04/2014,11:55:00,142.5
07/04/2014,12:00:00,142.55
07/04/2014,12:05:00,143.0
07/04/2014,12:10:00,142.65
07/04/2014,12:15:00,142.7
07/04/2014,12:20:00,142.55
07/04/2014,12:25:00,142.6
07/04/2014,12:30:00,142.9
07/04/2014,12:35:00,142.95
07/04/2014,12:40:00,142.95
07/04/2014,12:45:00,142.95
07/04/2014,12:50:00,143.2
07/04/2014,12:55:00,143.6
07/04/2014,13:00:00,143.35
07/04/2014,13:05:00,143.05
07/04/2014,13:10:00,143.25
07/04/2014,13:15:00,142.9
07/04/2014,13:20:00,142.75
07/04/2014,13:25:00,142.95
07/04/2014,13:30:00,143.15
07/04/2014,13:35:00,142.75
07/04/2014,13:40:00,143.15
07/04/2014,13:45:00,142.95
07/04/2014,13:50:00,143.0
07/04/2014,13:55:00,142.7
07/04/2014,14:00:00,142.7
07/04/2014,14:05:00,142.7
07/04/2014,14:10:00,142.65
07/04/2014,14:15:00,142.75
07/04/2014,14:20:00,142.5
07/04/2014,14:25:00,142.4
07/04/2014,14:30:00,142.5
07/04/2014,14:35:00,142.5
07/04/2014,14:40:00,142.5
07/04/2014,14:45:00,142.4
07/04/2014,14:50:00,142.9
07/04/2014,14:55:00,143.2
07/04/2014,15:00:00,143.55
07/04/2014,15:05:00,143.7
07/04/2014,15:10:00,143.65
07/04/2014,15:15:00,143.95
07/04/2014,15:20:00,143.8
07/04/2014,15:25:00,143.4
07/04/2014,15:30:00,143.7
09/04/2014,09:20:00,144.75
09/04/2014,09:25:00,144.6
09/04/2014,09:30:00,144.5
09/04/2014,09:35:00,144.6
09/04/2014,09:40:00,144.9
09/04/2014,09:45:00,144.95
09/04/2014,09:50:00,145.2
09/04/2014,09:55:00,144.95
09/04/2014,10:00:00,145.25
09/04/2014,10:05:00,145.55
09/04/2014,10:10:00,145.6
09/04/2014,10:15:00,145.75
09/04/2014,10:20:00,146.6
09/04/2014,10:25:00,147.15
09/04/2014,10:30:00,147.25
09/04/2014,10:35:00,147.05
09/04/2014,10:40:00,147.05
09/04/2014,10:45:00,147.15
09/04/2014,10:50:00,147.1
09/04/2014,10:55:00,147.1
09/04/2014,11:00:00,147.05
09/04/2014,11:05:00,147.4
09/04/2014,11:10:00,148.0
09/04/2014,11:15:00,148.3
09/04/2014,11:20:00,148.35
09/04/2014,11:25:00,148.4
09/04/2014,11:30:00,147.8
09/04/2014,11:35:00,147.9
09/04/2014,11:40:00,148.1
09/04/2014,11:45:00,147.5
09/04/2014,11:50:00,147.5
09/04/2014,11:55:00,147.45
09/04/2014,12:00:00,147.45
09/04/2014,12:05:00,147.4
09/04/2014,12:10:00,147.3
09/04/2014,12:15:00,147.45
09/04/2014,12:20:00,147.25
09/04/2014,12:25:00,147.0
09/04/2014,12:30:00,147.0
09/04/2014,12:35:00,147.0
09/04/2014,12:40:00,146.6
09/04/2014,12:45:00,146.5
09/04/2014,12:50:00,146.65
09/04/2014,12:55:00,146.5
09/04/2014,13:00:00,146.4
09/04/2014,13:05:00,146.5
09/04/2014,13:10:00,146.2
09/04/2014,13:15:00,146.4
09/04/2014,13:20:00,146.5
09/04/2014,13:25:00,146.65
09/04/2014,13:30:00,146.65
09/04/2014,13:35:00,146.65
09/04/2014,13:40:00,146.5
09/04/2014,13:45:00,146.5
09/04/2014,13:50:00,146.5
09/04/2014,13:55:00,146.5
09/04/2014,14:00:00,146.45
09/04/2014,14:05:00,146.45
09/04/2014,14:10:00,146.5
09/04/2014,14:15:00,146.5
09/04/2014,14:20:00,146.45
09/04/2014,14:25:00,146.45
09/04/2014,14:30:00,146.5
09/04/2014,14:35:00,146.35
09/04/2014,14:40:00,146.5
09/04/2014,14:45:00,146.5
09/04/2014,14:50:00,146.7
09/04/2014,14:55:00,146.95
09/04/2014,15:00:00,147.1
09/04/2014,15:05:00,147.5
09/04/2014,15:10:00,147.35
09/04/2014,15:15:00,147.35
09/04/2014,15:20:00,147.25
09/04/2014,15:25:00,147.3
09/04/2014,15:30:00,146.9
10/04/2014,09:20:00,147.5
10/04/2014,09:25:00,148.0
10/04/2014,09:30:00,148.05
10/04/2014,09:35:00,148.1
10/04/2014,09:40:00,149.25
10/04/2014,09:45:00,148.8
10/04/2014,09:50:00,149.45
10/04/2014,09:55:00,148.95
10/04/2014,10:00:00,148.25
10/04/2014,10:05:00,148.35
10/04/2014,10:10:00,149.0
10/04/2014,10:15:00,149.0
10/04/2014,10:20:00,149.15
10/04/2014,10:25:00,149.35
10/04/2014,10:30:00,149.9
10/04/2014,10:35:00,150.0
10/04/2014,10:40:00,149.65
10/04/2014,10:45:00,149.2
10/04/2014,10:50:00,149.0
10/04/2014,10:55:00,149.05
10/04/2014,11:00:00,149.4
10/04/2014,11:05:00,149.25
10/04/2014,11:10:00,149.5
10/04/2014,11:15:00,150.5
10/04/2014,11:20:00,150.95
10/04/2014,11:25:00,151.05
10/04/2014,11:30:00,151.1
10/04/2014,11:35:00,151.75
10/04/2014,11:40:00,151.7
10/04/2014,11:45:00,151.2
10/04/2014,11:50:00,151.0
10/04/2014,11:55:00,151.5
10/04/2014,12:00:00,151.2
10/04/2014,12:05:00,151.25
10/04/2014,12:10:00,150.9
10/04/2014,12:15:00,150.85
10/04/2014,12:20:00,150.6
10/04/2014,12:25:00,150.3
10/04/2014,12:30:00,150.3
10/04/2014,12:35:00,150.5
10/04/2014,12:40:00,150.45
10/04/2014,12:45:00,150.5
10/04/2014,12:50:00,150.5
10/04/2014,12:55:00,150.5
10/04/2014,13:00:00,150.5
10/04/2014,13:05:00,150.5
10/04/2014,13:10:00,150.5
10/04/2014,13:15:00,150.5
10/04/2014,13:20:00,150.3
10/04/2014,13:25:00,150.4
10/04/2014,13:30:00,150.55
10/04/2014,13:35:00,150.5
10/04/2014,13:40:00,150.15
10/04/2014,13:45:00,149.95
10/04/2014,13:50:00,150.0
10/04/2014,13:55:00,149.8
10/04/2014,14:00:00,149.95
10/04/2014,14:05:00,149.95
10/04/2014,14:10:00,149.95
10/04/2014,14:15:00,149.8
10/04/2014,14:20:00,149.8
10/04/2014,14:25:00,150.0
10/04/2014,14:30:00,149.85
10/04/2014,14:35:00,149.8
10/04/2014,14:40:00,149.95
10/04/2014,14:45:00,149.8
10/04/2014,14:50:00,149.85
10/04/2014,14:55:00,150.0
10/04/2014,15:00:00,149.95
10/04/2014,15:05:00,149.85
10/04/2014,15:10:00,149.8
10/04/2014,15:15:00,149.95
10/04/2014,15:20:00,149.75
10/04/2014,15:25:00,149.6
10/04/2014,15:30:00,149.95
11/04/2014,09:20:00,149.9
11/04/2014,09:25:00,151.0
11/04/2014,09:30:00,151.0
11/04/2014,09:35:00,152.25
11/04/2014,09:40:00,151.7
11/04/2014,09:45:00,151.8
11/04/2014,09:50:00,151.9
11/04/2014,09:55:00,151.95
11/04/2014,10:00:00,152.3
11/04/2014,10:05:00,153.25
11/04/2014,10:10:00,153.35
11/04/2014,10:15:00,153.35
11/04/2014,10:20:00,152.95
11/04/2014,10:25:00,153.3
11/04/2014,10:30:00,153.35
11/04/2014,10:35:00,153.6
11/04/2014,10:40:00,152.85
11/04/2014,10:45:00,152.1
11/04/2014,10:50:00,151.85
11/04/2014,10:55:00,151.9
11/04/2014,11:00:00,151.9
11/04/2014,11:05:00,152.0
11/04/2014,11:10:00,151.9
11/04/2014,11:15:00,151.95
11/04/2014,11:20:00,151.95
11/04/2014,11:25:00,151.95
11/04/2014,11:30:00,152.0
11/04/2014,11:35:00,152.45
11/04/2014,11:40:00,152.3
11/04/2014,11:45:00,152.0
11/04/2014,11:50:00,152.0
11/04/2014,11:55:00,151.95
11/04/2014,12:00:00,151.9
11/04/2014,12:05:00,151.9
11/04/2014,12:10:00,151.9
11/04/2014,12:15:00,151.9
11/04/2014,12:20:00,152.0
11/04/2014,12:25:00,152.25
11/04/2014,12:30:00,151.9
11/04/2014,12:35:00,151.95
11/04/2014,12:40:00,152.0
11/04/2014,12:45:00,151.95
11/04/2014,12:50:00,151.95
11/04/2014,12:55:00,152.0
11/04/2014,13:00:00,152.2
11/04/2014,13:05:00,152.2
11/04/2014,13:10:00,152.45
11/04/2014,13:15:00,152.4
11/04/2014,13:20:00,152.3
11/04/2014,13:25:00,152.3
11/04/2014,13:30:00,152.0
11/04/2014,13:35:00,152.5
11/04/2014,13:40:00,152.75
11/04/2014,13:45:00,152.15
11/04/2014,13:50:00,151.6
11/04/2014,13:55:00,151.5
11/04/2014,14:00:00,151.45
11/04/2014,14:05:00,151.6
11/04/2014,14:10:00,152.0
11/04/2014,14:15:00,151.95
11/04/2014,14:20:00,152.0
11/04/2014,14:25:00,152.0
11/04/2014,14:30:00,151.9
11/04/2014,14:35:00,152.0
11/04/2014,14:40:00,151.75
11/04/2014,14:45:00,151.9
11/04/2014,14:50:00,152.2
11/04/2014,14:55:00,152.1
11/04/2014,15:00:00,152.0
11/04/2014,15:05:00,151.8
11/04/2014,15:10:00,150.95
11/04/2014,15:15:00,151.05
11/04/2014,15:20:00,151.1
11/04/2014,15:25:00,151.0
11/04/2014,15:30:00,150.9
15/04/2014,09:20:00,151.95
15/04/2014,09:25:00,151.05
15/04/2014,09:30:00,150.0
15/04/2014,09:35:00,149.4
15/04/2014,09:40:00,149.5
15/04/2014,09:45:00,149.3
15/04/2014,09:50:00,149.2
15/04/2014,09:55:00,149.1
15/04/2014,10:00:00,148.4
15/04/2014,10:05:00,148.45
15/04/2014,10:10:00,148.7
15/04/2014,10:15:00,149.05
15/04/2014,10:20:00,149.15
15/04/2014,10:25:00,149.35
15/04/2014,10:30:00,149.5
15/04/2014,10:35:00,149.4
15/04/2014,10:40:00,149.3
15/04/2014,10:45:00,149.5
15/04/2014,10:50:00,149.55
15/04/2014,10:55:00,149.9
15/04/2014,11:00:00,150.0
15/04/2014,11:05:00,150.5
15/04/2014,11:10:00,150.5
15/04/2014,11:15:00,150.35
15/04/2014,11:20:00,150.45
15/04/2014,11:25:00,150.25
15/04/2014,11:30:00,150.2
15/04/2014,11:35:00,150.35
15/04/2014,11:40:00,150.2
15/04/2014,11:45:00,150.55
15/04/2014,11:50:00,150.35
15/04/2014,11:55:00,150.3
15/04/2014,12:00:00,150.2
15/04/2014,12:05:00,150.25
15/04/2014,12:10:00,150.3
15/04/2014,12:15:00,150.15
15/04/2014,12:20:00,150.25
15/04/2014,12:25:00,150.55
15/04/2014,12:30:00,150.6
15/04/2014,12:35:00,150.6
15/04/2014,12:40:00,150.8
15/04/2014,12:45:00,150.95
15/04/2014,12:50:00,150.95
15/04/2014,12:55:00,151.0
15/04/2014,13:00:00,150.65
15/04/2014,13:05:00,150.7
15/04/2014,13:10:00,150.9
15/04/2014,13:15:00,150.95
15/04/2014,13:20:00,151.0
15/04/2014,13:25:00,151.15
15/04/2014,13:30:00,151.0
15/04/2014,13:35:00,151.15
15/04/2014,13:40:00,151.0
15/04/2014,13:45:00,151.85
15/04/2014,13:50:00,151.85
15/04/2014,13:55:00,150.9
15/04/2014,14:00:00,150.65
15/04/2014,14:05:00,150.65
15/04/2014,14:10:00,150.8
15/04/2014,14:15:00,151.5
15/04/2014,14:20:00,151.6
15/04/2014,14:25:00,151.75
15/04/2014,14:30:00,151.85
15/04/2014,14:35:00,151.9
15/04/2014,14:40:00,151.2
15/04/2014,14:45:00,151.35
15/04/2014,14:50:00,151.4
15/04/2014,14:55:00,151.05
15/04/2014,15:00:00,150.7
15/04/2014,15:05:00,150.5
15/04/2014,15:10:00,150.1
15/04/2014,15:15:00,150.15
15/04/2014,15:20:00,150.05
15/04/2014,15:25:00,150.0
15/04/2014,15:30:00,149.0
16/04/2014,09:20:00,150.7
16/04/2014,09:25:00,150.9
16/04/2014,09:30:00,150.9
16/04/2014,09:35:00,151.0
16/04/2014,09:40:00,151.0
16/04/2014,09:45:00,150.85
16/04/2014,09:50:00,151.1
16/04/2014,09:55:00,150.95
16/04/2014,10:00:00,151.35
16/04/2014,10:05:00,151.6
16/04/2014,10:10:00,151.55
16/04/2014,10:15:00,151.45
16/04/2014,10:20:00,151.5
16/04/2014,10:25:00,151.0
16/04/2014,10:30:00,151.0
16/04/2014,10:35:00,151.0
16/04/2014,10:40:00,151.2
16/04/2014,10:45:00,151.1
16/04/2014,10:50:00,151.0
16/04/2014,10:55:00,151.0
16/04/2014,11:00:00,150.85
16/04/2014,11:05:00,150.75
16/04/2014,11:10:00,150.95
16/04/2014,11:15:00,151.0
16/04/2014,11:20:00,151.1
16/04/2014,11:25:00,151.4
16/04/2014,11:30:00,151.4
16/04/2014,11:35:00,151.3
16/04/2014,11:40:00,151.55
16/04/2014,11:45:00,151.35
16/04/2014,11:50:00,151.0
16/04/2014,11:55:00,151.0
16/04/2014,12:00:00,151.3
16/04/2014,12:05:00,151.0
16/04/2014,12:10:00,151.05
16/04/2014,12:15:00,150.95
16/04/2014,12:20:00,150.9
16/04/2014,12:25:00,151.0
16/04/2014,12:30:00,150.7
16/04/2014,12:35:00,150.75
16/04/2014,12:40:00,150.85
16/04/2014,12:45:00,150.2
16/04/2014,12:50:00,150.0
16/04/2014,12:55:00,149.7
16/04/2014,13:00:00,149.3
16/04/2014,13:05:00,149.55
16/04/2014,13:10:00,149.4
16/04/2014,13:15:00,149.15
16/04/2014,13:20:00,149.35
16/04/2014,13:25:00,148.6
16/04/2014,13:30:00,149.05
16/04/2014,13:35:00,148.95
16/04/2014,13:40:00,149.5
16/04/2014,13:45:00,149.2
16/04/2014,13:50:00,149.1
16/04/2014,13:55:00,149.35
16/04/2014,14:00:00,149.45
16/04/2014,14:05:00,149.4
16/04/2014,14:10:00,150.0
16/04/2014,14:15:00,150.05
16/04/2014,14:20:00,150.3
16/04/2014,14:25:00,149.65
16/04/2014,14:30:00,149.75
16/04/2014,14:35:00,150.0
16/04/2014,14:40:00,149.8
16/04/2014,14:45:00,149.85
16/04/2014,14:50:00,149.8
16/04/2014,14:55:00,149.6
16/04/2014,15:00:00,150.0
16/04/2014,15:05:00,149.7
16/04/2014,15:10:00,149.0
16/04/2014,15:15:00,149.15
16/04/2014,15:20:00,148.9
16/04/2014,15:25:00,148.9
16/04/2014,15:30:00,149.1
17/04/2014,09:20:00,149.15
17/04/2014,09:25:00,150.0
17/04/2014,09:30:00,150.7
17/04/2014,09:35:00,150.5
17/04/2014,09:40:00,150.25
17/04/2014,09:45:00,150.2
17/04/2014,09:50:00,150.45
17/04/2014,09:55:00,151.45
17/04/2014,10:00:00,150.7
17/04/2014,10:05:00,150.75
17/04/2014,10:10:00,150.5
17/04/2014,10:15:00,150.45
17/04/2014,10:20:00,151.0
17/04/2014,10:25:00,151.25
17/04/2014,10:30:00,151.45
17/04/2014,10:35:00,151.3
17/04/2014,10:40:00,151.1
17/04/2014,10:45:00,151.3
17/04/2014,10:50:00,151.3
17/04/2014,10:55:00,151.25
17/04/2014,11:00:00,151.3
17/04/2014,11:05:00,151.25
17/04/2014,11:10:00,150.95
17/04/2014,11:15:00,150.85
17/04/2014,11:20:00,150.8
17/04/2014,11:25:00,150.8
17/04/2014,11:30:00,150.7
17/04/2014,11:35:00,150.5
17/04/2014,11:40:00,150.85
17/04/2014,11:45:00,150.55
17/04/2014,11:50:00,150.2
17/04/2014,11:55:00,150.2
17/04/2014,12:00:00,150.3
17/04/2014,12:05:00,150.2
17/04/2014,12:10:00,149.6
17/04/2014,12:15:00,149.7
17/04/2014,12:20:00,149.55
17/04/2014,12:25:00,149.85
17/04/2014,12:30:00,150.15
17/04/2014,12:35:00,150.25
17/04/2014,12:40:00,150.05
17/04/2014,12:45:00,149.9
17/04/2014,12:50:00,149.95
17/04/2014,12:55:00,149.85
17/04/2014,13:00:00,149.85
17/04/2014,13:05:00,149.7
17/04/2014,13:10:00,149.75
17/04/2014,13:15:00,149.85
17/04/2014,13:20:00,149.95
17/04/2014,13:25:00,149.6
17/04/2014,13:30:00,149.7
17/04/2014,13:35:00,149.55
17/04/2014,13:40:00,149.75
17/04/2014,13:45:00,149.75
17/04/2014,13:50:00,149.45
17/04/2014,13:55:00,149.7
17/04/2014,14:00:00,149.55
17/04/2014,14:05:00,149.45
17/04/2014,14:10:00,149.4
17/04/2014,14:15:00,149.4
17/04/2014,14:20:00,149.4
17/04/2014,14:25:00,148.85
17/04/2014,14:30:00,148.95
17/04/2014,14:35:00,149.0
17/04/2014,14:40:00,149.0
17/04/2014,14:45:00,149.0
17/04/2014,14:50:00,149.0
17/04/2014,14:55:00,149.25
17/04/2014,15:00:00,149.0
17/04/2014,15:05:00,148.95
17/04/2014,15:10:00,148.95
17/04/2014,15:15:00,148.95
17/04/2014,15:20:00,148.85
17/04/2014,15:25:00,148.85
17/04/2014,15:30:00,149.15
21/04/2014,09:20:00,151.2
21/04/2014,09:25:00,151.4
21/04/2014,09:30:00,151.4
21/04/2014,09:35:00,151.45
21/04/2014,09:40:00,151.5
21/04/2014,09:45:00,151.25
21/04/2014,09:50:00,151.4
21/04/2014,09:55:00,151.3
21/04/2014,10:00:00,151.25
21/04/2014,10:05:00,151.35
21/04/2014,10:10:00,151.4
21/04/2014,10:15:00,151.3
21/04/2014,10:20:00,151.0
21/04/2014,10:25:00,150.9
21/04/2014,10:30:00,151.05
21/04/2014,10:35:00,150.65
21/04/2014,10:40:00,150.65
21/04/2014,10:45:00,150.7
21/04/2014,10:50:00,150.85
21/04/2014,10:55:00,150.9
21/04/2014,11:00:00,150.45
21/04/2014,11:05:00,150.75
21/04/2014,11:10:00,150.95
21/04/2014,11:15:00,150.75
21/04/2014,11:20:00,150.85
21/04/2014,11:25:00,150.55
21/04/2014,11:30:00,150.3
21/04/2014,11:35:00,150.4
21/04/2014,11:40:00,150.3
21/04/2014,11:45:00,150.15
21/04/2014,11:50:00,150.2
21/04/2014,11:55:00,150.2
21/04/2014,12:00:00,149.95
21/04/2014,12:05:00,149.8
21/04/2014,12:10:00,149.8
21/04/2014,12:15:00,149.9
21/04/2014,12:20:00,150.0
21/04/2014,12:25:00,150.0
21/04/2014,12:30:00,149.85
21/04/2014,12:35:00,149.9
21/04/2014,12:40:00,149.85
21/04/2014,12:45:00,150.0
21/04/2014,12:50:00,150.0
21/04/2014,12:55:00,149.9
21/04/2014,13:00:00,150.0
21/04/2014,13:05:00,150.0
21/04/2014,13:10:00,150.15
21/04/2014,13:15:00,150.05
21/04/2014,13:20:00,150.0
21/04/2014,13:25:00,150.0
21/04/2014,13:30:00,149.85
21/04/2014,13:35:00,150.1
21/04/2014,13:40:00,149.7
21/04/2014,13:45:00,149.75
21/04/2014,13:50:00,149.65
21/04/2014,13:55:00,149.1
21/04/2014,14:00:00,149.05
21/04/2014,14:05:00,149.1
21/04/2014,14:10:00,149.2
21/04/2014,14:15:00,149.1
21/04/2014,14:20:00,149.05
21/04/2014,14:25:00,149.45
21/04/2014,14:30:00,149.5
21/04/2014,14:35:00,148.95
21/04/2014,14:40:00,149.4
21/04/2014,14:45:00,149.25
21/04/2014,14:50:00,150.0
21/04/2014,14:55:00,149.95
21/04/2014,15:00:00,149.8
21/04/2014,15:05:00,149.95
21/04/2014,15:10:00,150.45
21/04/2014,15:15:00,150.3
21/04/2014,15:20:00,150.1
21/04/2014,15:25:00,150.4
21/04/2014,15:30:00,150.7
22/04/2014,09:20:00,151.0
22/04/2014,09:25:00,150.9
22/04/2014,09:30:00,150.7
22/04/2014,09:35:00,150.7
22/04/2014,09:40:00,150.85
22/04/2014,09:45:00,150.85
22/04/2014,09:50:00,150.95
22/04/2014,09:55:00,150.95
22/04/2014,10:00:00,150.95
22/04/2014,10:05:00,151.0
22/04/2014,10:10:00,151.1
22/04/2014,10:15:00,150.9
22/04/2014,10:20:00,151.0
22/04/2014,10:25:00,151.0
22/04/2014,10:30:00,151.5
22/04/2014,10:35:00,151.45
22/04/2014,10:40:00,151.3
22/04/2014,10:45:00,150.85
22/04/2014,10:50:00,151.0
22/04/2014,10:55:00,150.9
22/04/2014,11:00:00,151.15
22/04/2014,11:05:00,151.15
22/04/2014,11:10:00,151.45
22/04/2014,11:15:00,151.4
22/04/2014,11:20:00,151.4
22/04/2014,11:25:00,151.4
22/04/2014,11:30:00,151.35
22/04/2014,11:35:00,151.35
22/04/2014,11:40:00,151.15
22/04/2014,11:45:00,151.35
22/04/2014,11:50:00,151.25
22/04/2014,11:55:00,151.1
22/04/2014,12:00:00,150.9
22/04/2014,12:05:00,150.9
22/04/2014,12:10:00,150.9
22/04/2014,12:15:00,151.05
22/04/2014,12:20:00,150.95
22/04/2014,12:25:00,150.95
22/04/2014,12:30:00,151.0
22/04/2014,12:35:00,150.9
22/04/2014,12:40:00,151.05
22/04/2014,12:45:00,151.0
22/04/2014,12:50:00,151.0
22/04/2014,12:55:00,151.0
22/04/2014,13:00:00,151.1
22/04/2014,13:05:00,151.0
22/04/2014,13:10:00,151.0
22/04/2014,13:15:00,151.0
22/04/2014,13:20:00,150.95
22/04/2014,13:25:00,151.0
22/04/2014,13:30:00,151.0
22/04/2014,13:35:00,151.0
22/04/2014,13:40:00,150.95
22/04/2014,13:45:00,151.0
22/04/2014,13:50:00,150.95
22/04/2014,13:55:00,151.0
22/04/2014,14:00:00,151.25
22/04/2014,14:05:00,151.35
22/04/2014,14:10:00,151.0
22/04/2014,14:15:00,151.0
22/04/2014,14:20:00,151.0
22/04/2014,14:25:00,150.75
22/04/2014,14:30:00,150.8
22/04/2014,14:35:00,150.95
22/04/2014,14:40:00,150.95
22/04/2014,14:45:00,150.85
22/04/2014,14:50:00,150.9
22/04/2014,14:55:00,150.95
22/04/2014,15:00:00,150.9
22/04/2014,15:05:00,150.9
22/04/2014,15:10:00,150.9
22/04/2014,15:15:00,150.85
22/04/2014,15:20:00,150.4
22/04/2014,15:25:00,150.5
22/04/2014,15:30:00,150.45
23/04/2014,09:20:00,151.25
23/04/2014,09:25:00,151.0
23/04/2014,09:30:00,151.0
23/04/2014,09:35:00,150.9
23/04/2014,09:40:00,150.8
23/04/2014,09:45:00,150.8
23/04/2014,09:50:00,150.6
23/04/2014,09:55:00,150.55
23/04/2014,10:00:00,150.5
23/04/2014,10:05:00,150.6
23/04/2014,10:10:00,150.65
23/04/2014,10:15:00,150.6
23/04/2014,10:20:00,150.75
23/04/2014,10:25:00,150.9
23/04/2014,10:30:00,150.9
23/04/2014,10:35:00,150.95
23/04/2014,10:40:00,151.0
23/04/2014,10:45:00,151.0
23/04/2014,10:50:00,151.0
23/04/2014,10:55:00,151.0
23/04/2014,11:00:00,151.0
23/04/2014,11:05:00,150.75
23/04/2014,11:10:00,150.65
23/04/2014,11:15:00,150.65
23/04/2014,11:20:00,150.75
23/04/2014,11:25:00,150.8
23/04/2014,11:30:00,150.8
23/04/2014,11:35:00,150.8
23/04/2014,11:40:00,150.8
23/04/2014,11:45:00,150.8
23/04/2014,11:50:00,150.8
23/04/2014,11:55:00,150.8
23/04/2014,12:00:00,150.85
23/04/2014,12:05:00,150.9
23/04/2014,12:10:00,150.9
23/04/2014,12:15:00,150.85
23/04/2014,12:20:00,150.85
23/04/2014,12:25:00,150.9
23/04/2014,12:30:00,150.9
23/04/2014,12:35:00,150.9
23/04/2014,12:40:00,150.85
23/04/2014,12:45:00,150.85
23/04/2014,12:50:00,150.9
23/04/2014,12:55:00,150.9
23/04/2014,13:00:00,150.9
23/04/2014,13:05:00,150.85
23/04/2014,13:10:00,150.9
23/04/2014,13:15:00,150.9
23/04/2014,13:20:00,150.9
23/04/2014,13:25:00,150.85
23/04/2014,13:30:00,150.9
23/04/2014,13:35:00,150.9
23/04/2014,13:40:00,150.9
23/04/2014,13:45:00,150.85
23/04/2014,13:50:00,150.85
23/04/2014,13:55:00,150.85
23/04/2014,14:00:00,150.9
23/04/2014,14:05:00,150.6
23/04/2014,14:10:00,150.7
23/04/2014,14:15:00,150.6
23/04/2014,14:20:00,150.6
23/04/2014,14:25:00,150.6
23/04/2014,14:30:00,150.5
23/04/2014,14:35:00,150.25
23/04/2014,14:40:00,150.35
23/04/2014,14:45:00,150.2
23/04/2014,14:50:00,150.2
23/04/2014,14:55:00,150.2
23/04/2014,15:00:00,150.0
23/04/2014,15:05:00,148.95
23/04/2014,15:10:00,148.95
23/04/2014,15:15:00,149.25
23/04/2014,15:20:00,149.6
23/04/2014,15:25:00,149.75
23/04/2014,15:30:00,149.95
25/04/2014,09:20:00,150.7
25/04/2014,09:25:00,150.55
25/04/2014,09:30:00,150.5
25/04/2014,09:35:00,150.3
25/04/2014,09:40:00,150.4
25/04/2014,09:45:00,150.65
25/04/2014,09:50:00,150.3
25/04/2014,09:55:00,150.6
25/04/2014,10:00:00,150.5
25/04/2014,10:05:00,150.55
25/04/2014,10:10:00,150.4
25/04/2014,10:15:00,150.6
25/04/2014,10:20:00,150.6
25/04/2014,10:25:00,150.85
25/04/2014,10:30:00,151.25
25/04/2014,10:35:00,151.55
25/04/2014,10:40:00,152.1
25/04/2014,10:45:00,152.5
25/04/2014,10:50:00,152.6
25/04/2014,10:55:00,151.95
25/04/2014,11:00:00,151.3
25/04/2014,11:05:00,150.8
25/04/2014,11:10:00,150.65
25/04/2014,11:15:00,151.2
25/04/2014,11:20:00,151.05
25/04/2014,11:25:00,150.95
25/04/2014,11:30:00,151.25
25/04/2014,11:35:00,151.45
25/04/2014,11:40:00,151.65
25/04/2014,11:45:00,151.7
25/04/2014,11:50:00,151.5
25/04/2014,11:55:00,151.7
25/04/2014,12:00:00,151.7
25/04/2014,12:05:00,151.6
25/04/2014,12:10:00,151.65
25/04/2014,12:15:00,151.75
25/04/2014,12:20:00,151.6
25/04/2014,12:25:00,151.3
25/04/2014,12:30:00,151.1
25/04/2014,12:35:00,151.4
25/04/2014,12:40:00,151.55
25/04/2014,12:45:00,151.7
25/04/2014,12:50:00,151.55
25/04/2014,12:55:00,151.25
25/04/2014,13:00:00,150.95
25/04/2014,13:05:00,150.7
25/04/2014,13:10:00,150.9
25/04/2014,13:15:00,150.9
25/04/2014,13:20:00,151.0
25/04/2014,13:25:00,150.75
25/04/2014,13:30:00,150.65
25/04/2014,13:35:00,150.5
25/04/2014,13:40:00,150.6
25/04/2014,13:45:00,150.5
25/04/2014,13:50:00,150.55
25/04/2014,13:55:00,150.6
25/04/2014,14:00:00,150.6
25/04/2014,14:05:00,151.0
25/04/2014,14:10:00,151.0
25/04/2014,14:15:00,151.1
25/04/2014,14:20:00,150.9
25/04/2014,14:25:00,150.95
25/04/2014,14:30:00,150.95
25/04/2014,14:35:00,151.15
25/04/2014,14:40:00,151.2
25/04/2014,14:45:00,151.5
25/04/2014,14:50:00,151.25
25/04/2014,14:55:00,151.55
25/04/2014,15:00:00,151.35
25/04/2014,15:05:00,151.3
25/04/2014,15:10:00,151.4
25/04/2014,15:15:00,151.55
25/04/2014,15:20:00,151.4
25/04/2014,15:25:00,151.4
25/04/2014,15:30:00,151.4
28/04/2014,09:20:00,151.7
28/04/2014,09:25:00,151.7
28/04/2014,09:30:00,151.55
28/04/2014,09:35:00,151.75
28/04/2014,09:40:00,151.35
28/04/2014,09:45:00,151.4
28/04/2014,09:50:00,150.95
28/04/2014,09:55:00,150.85
28/04/2014,10:00:00,150.9
28/04/2014,10:05:00,150.95
28/04/2014,10:10:00,150.75
28/04/2014,10:15:00,151.2
28/04/2014,10:20:00,151.15
28/04/2014,10:25:00,150.7
28/04/2014,10:30:00,150.7
28/04/2014,10:35:00,150.4
28/04/2014,10:40:00,150.9
28/04/2014,10:45:00,150.6
28/04/2014,10:50:00,150.7
28/04/2014,10:55:00,150.5
28/04/2014,11:00:00,150.65
28/04/2014,11:05:00,150.8
28/04/2014,11:10:00,150.9
28/04/2014,11:15:00,150.75
28/04/2014,11:20:00,150.8
28/04/2014,11:25:00,150.85
28/04/2014,11:30:00,150.6
28/04/2014,11:35:00,150.75
28/04/2014,11:40:00,150.8
28/04/2014,11:45:00,150.85
28/04/2014,11:50:00,150.8
28/04/2014,11:55:00,150.9
28/04/2014,12:00:00,150.5
28/04/2014,12:05:00,150.6
28/04/2014,12:10:00,150.7
28/04/2014,12:15:00,151.05
28/04/2014,12:20:00,150.95
28/04/2014,12:25:00,151.0
28/04/2014,12:30:00,150.85
28/04/2014,12:35:00,150.85
28/04/2014,12:40:00,150.7
28/04/2014,12:45:00,150.7
28/04/2014,12:50:00,150.6
28/04/2014,12:55:00,150.6
28/04/2014,13:00:00,150.7
28/04/2014,13:05:00,150.6
28/04/2014,13:10:00,150.7
28/04/2014,13:15:00,150.5
28/04/2014,13:20:00,150.5
28/04/2014,13:25:00,150.6
28/04/2014,13:30:00,150.5
28/04/2014,13:35:00,150.6
28/04/2014,13:40:00,150.6
28/04/2014,13:45:00,150.35
28/04/2014,13:50:00,150.5
28/04/2014,13:55:00,150.25
28/04/2014,14:00:00,150.2
28/04/2014,14:05:00,149.6
28/04/2014,14:10:00,150.1
28/04/2014,14:15:00,150.25
28/04/2014,14:20:00,150.65
28/04/2014,14:25:00,150.7
28/04/2014,14:30:00,150.6
28/04/2014,14:35:00,150.6
28/04/2014,14:40:00,149.5
28/04/2014,14:45:00,150.75
28/04/2014,14:50:00,150.6
28/04/2014,14:55:00,150.65
28/04/2014,15:00:00,150.15
28/04/2014,15:05:00,149.6
28/04/2014,15:10:00,149.7
28/04/2014,15:15:00,149.8
28/04/2014,15:20:00,149.9
28/04/2014,15:25:00,150.1
28/04/2014,15:30:00,150.35
29/04/2014,09:20:00,150.3
29/04/2014,09:25:00,150.1
29/04/2014,09:30:00,148.7
29/04/2014,09:35:00,148.45
29/04/2014,09:40:00,148.8
29/04/2014,09:45:00,149.0
29/04/2014,09:50:00,149.1
29/04/2014,09:55:00,148.95
29/04/2014,10:00:00,148.85
29/04/2014,10:05:00,148.85
29/04/2014,10:10:00,149.0
29/04/2014,10:15:00,149.0
29/04/2014,10:20:00,148.85
29/04/2014,10:25:00,148.85
29/04/2014,10:30:00,148.9
29/04/2014,10:35:00,148.95
29/04/2014,10:40:00,149.85
29/04/2014,10:45:00,149.8
29/04/2014,10:50:00,149.7
29/04/2014,10:55:00,149.9
29/04/2014,11:00:00,149.9
29/04/2014,11:05:00,149.95
29/04/2014,11:10:00,149.95
29/04/2014,11:15:00,150.3
29/04/2014,11:20:00,150.65
29/04/2014,11:25:00,150.55
29/04/2014,11:30:00,150.7
29/04/2014,11:35:00,150.7
29/04/2014,11:40:00,150.65
29/04/2014,11:45:00,150.75
29/04/2014,11:50:00,150.7
29/04/2014,11:55:00,150.45
29/04/2014,12:00:00,150.45
29/04/2014,12:05:00,150.55
29/04/2014,12:10:00,150.75
29/04/2014,12:15:00,150.6
29/04/2014,12:20:00,150.65
29/04/2014,12:25:00,150.7
29/04/2014,12:30:00,150.7
29/04/2014,12:35:00,150.7
29/04/2014,12:40:00,150.65
29/04/2014,12:45:00,150.65
29/04/2014,12:50:00,150.7
29/04/2014,12:55:00,150.7
29/04/2014,13:00:00,150.65
29/04/2014,13:05:00,150.5
29/04/2014,13:10:00,150.15
29/04/2014,13:15:00,150.25
29/04/2014,13:20:00,150.3
29/04/2014,13:25:00,150.15
29/04/2014,13:30:00,150.15
29/04/2014,13:35:00,150.25
29/04/2014,13:40:00,150.25
29/04/2014,13:45:00,150.5
29/04/2014,13:50:00,150.7
29/04/2014,13:55:00,150.7
29/04/2014,14:00:00,150.7
29/04/2014,14:05:00,150.85
29/04/2014,14:10:00,150.9
29/04/2014,14:15:00,150.85
29/04/2014,14:20:00,151.0
29/04/2014,14:25:00,151.0
29/04/2014,14:30:00,151.1
29/04/2014,14:35:00,151.0
29/04/2014,14:40:00,151.0
29/04/2014,14:45:00,151.35
29/04/2014,14:50:00,151.65
29/04/2014,14:55:00,151.2
29/04/2014,15:00:00,151.2
29/04/2014,15:05:00,150.5
29/04/2014,15:10:00,149.8
29/04/2014,15:15:00,150.1
29/04/2014,15:20:00,150.1
29/04/2014,15:25:00,150.05
29/04/2014,15:30:00,149.9
30/04/2014,09:20:00,150.3
30/04/2014,09:25:00,151.25
30/04/2014,09:30:00,151.0
30/04/2014,09:35:00,151.25
30/04/2014,09:40:00,151.35
30/04/2014,09:45:00,151.5
30/04/2014,09:50:00,151.3
30/04/2014,09:55:00,151.3
30/04/2014,10:00:00,151.0
30/04/2014,10:05:00,150.75
30/04/2014,10:10:00,150.6
30/04/2014,10:15:00,150.65
30/04/2014,10:20:00,150.75
30/04/2014,10:25:00,150.85
30/04/2014,10:30:00,151.0
30/04/2014,10:35:00,150.95
30/04/2014,10:40:00,150.95
30/04/2014,10:45:00,151.0
30/04/2014,10:50:00,151.0
30/04/2014,10:55:00,150.85
30/04/2014,11:00:00,151.0
30/04/2014,11:05:00,150.95
30/04/2014,11:10:00,150.9
30/04/2014,11:15:00,150.75
30/04/2014,11:20:00,150.7
30/04/2014,11:25:00,150.6
30/04/2014,11:30:00,150.6
30/04/2014,11:35:00,150.75
30/04/2014,11:40:00,150.7
30/04/2014,11:45:00,150.6
30/04/2014,11:50:00,150.5
30/04/2014,11:55:00,150.4
30/04/2014,12:00:00,150.45
30/04/2014,12:05:00,150.35
30/04/2014,12:10:00,150.0
30/04/2014,12:15:00,150.05
30/04/2014,12:20:00,150.0
30/04/2014,12:25:00,149.8
30/04/2014,12:30:00,150.35
30/04/2014,12:35:00,150.3
30/04/2014,12:40:00,150.25
30/04/2014,12:45:00,150.2
30/04/2014,12:50:00,150.0
30/04/2014,12:55:00,149.95
30/04/2014,13:00:00,149.95
30/04/2014,13:05:00,149.7
30/04/2014,13:10:00,150.0
30/04/2014,13:15:00,150.1
30/04/2014,13:20:00,150.35
30/04/2014,13:25:00,150.25
30/04/2014,13:30:00,150.25
30/04/2014,13:35:00,150.8
30/04/2014,13:40:00,152.0
30/04/2014,13:45:00,151.25
30/04/2014,13:50:00,150.15
30/04/2014,13:55:00,149.8
30/04/2014,14:00:00,149.9
30/04/2014,14:05:00,149.85
30/04/2014,14:10:00,150.0
30/04/2014,14:15:00,149.55
30/04/2014,14:20:00,149.05
30/04/2014,14:25:00,148.8
30/04/2014,14:30:00,148.95
30/04/2014,14:35:00,148.8
30/04/2014,14:40:00,148.9
30/04/2014,14:45:00,149.25
30/04/2014,14:50:00,149.3
30/04/2014,14:55:00,149.35
30/04/2014,15:00:00,149.35
30/04/2014,15:05:00,150.2
30/04/2014,15:10:00,150.5
30/04/2014,15:15:00,150.0
30/04/2014,15:20:00,150.0
30/04/2014,15:25:00,150.85
30/04/2014,15:30:00,150.5
02/05/2014,09:20:00,151.0
02/05/2014,09:25:00,150.85
02/05/2014,09:30:00,151.25
02/05/2014,09:35:00,151.35
02/05/2014,09:40:00,151.8
02/05/2014,09:45:00,152.0
02/05/2014,09:50:00,154.6
02/05/2014,09:55:00,154.5
02/05/2014,10:00:00,153.8
02/05/2014,10:05:00,154.6
02/05/2014,10:10:00,154.65
02/05/2014,10:15:00,154.55
02/05/2014,10:20:00,154.9
02/05/2014,10:25:00,154.9
02/05/2014,10:30:00,154.7
02/05/2014,10:35:00,154.5
02/05/2014,10:40:00,154.8
02/05/2014,10:45:00,155.35
02/05/2014,10:50:00,154.85
02/05/2014,10:55:00,154.85
02/05/2014,11:00:00,155.0
02/05/2014,11:05:00,155.0
02/05/2014,11:10:00,155.0
02/05/2014,11:15:00,154.95
02/05/2014,11:20:00,154.95
02/05/2014,11:25:00,154.7
02/05/2014,11:30:00,154.7
02/05/2014,11:35:00,154.75
02/05/2014,11:40:00,154.6
02/05/2014,11:45:00,154.7
02/05/2014,11:50:00,154.7
02/05/2014,11:55:00,154.25
02/05/2014,12:00:00,153.95
02/05/2014,12:05:00,154.4
02/05/2014,12:10:00,154.35
02/05/2014,12:15:00,154.45
02/05/2014,12:20:00,154.45
02/05/2014,12:25:00,154.5
02/05/2014,12:30:00,154.45
02/05/2014,12:35:00,154.5
02/05/2014,12:40:00,154.6
02/05/2014,12:45:00,154.85
02/05/2014,12:50:00,154.75
02/05/2014,12:55:00,154.8
02/05/2014,13:00:00,154.8
02/05/2014,13:05:00,154.9
02/05/2014,13:10:00,154.75
02/05/2014,13:15:00,154.85
02/05/2014,13:20:00,154.7
02/05/2014,13:25:00,154.6
02/05/2014,13:30:00,154.65
02/05/2014,13:35:00,154.35
02/05/2014,13:40:00,154.45
02/05/2014,13:45:00,153.75
02/05/2014,13:50:00,153.85
02/05/2014,13:55:00,154.2
02/05/2014,14:00:00,154.15
02/05/2014,14:05:00,153.5
02/05/2014,14:10:00,154.0
02/05/2014,14:15:00,154.15
02/05/2014,14:20:00,154.0
02/05/2014,14:25:00,153.9
02/05/2014,14:30:00,153.85
02/05/2014,14:35:00,153.9
02/05/2014,14:40:00,153.95
02/05/2014,14:45:00,153.0
02/05/2014,14:50:00,152.5
02/05/2014,14:55:00,151.95
02/05/2014,15:00:00,151.5
02/05/2014,15:05:00,152.05
02/05/2014,15:10:00,152.0
02/05/2014,15:15:00,151.9
02/05/2014,15:20:00,152.1
02/05/2014,15:25:00,152.7
02/05/2014,15:30:00,152.9
05/05/2014,09:20:00,152.2
05/05/2014,09:25:00,151.4
05/05/2014,09:30:00,151.7
05/05/2014,09:35:00,151.05
05/05/2014,09:40:00,151.45
05/05/2014,09:45:00,150.6
05/05/2014,09:50:00,149.95
05/05/2014,09:55:00,150.05
05/05/2014,10:00:00,150.1
05/05/2014,10:05:00,150.0
05/05/2014,10:10:00,150.0
05/05/2014,10:15:00,150.0
05/05/2014,10:20:00,150.0
05/05/2014,10:25:00,150.2
05/05/2014,10:30:00,150.0
05/05/2014,10:35:00,150.0
05/05/2014,10:40:00,149.95
05/05/2014,10:45:00,149.9
05/05/2014,10:50:00,149.85
05/05/2014,10:55:00,149.9
05/05/2014,11:00:00,149.95
05/05/2014,11:05:00,149.9
05/05/2014,11:10:00,149.95
05/05/2014,11:15:00,149.8
05/05/2014,11:20:00,149.85
05/05/2014,11:25:00,149.9
05/05/2014,11:30:00,149.8
05/05/2014,11:35:00,149.4
05/05/2014,11:40:00,149.3
05/05/2014,11:45:00,149.4
05/05/2014,11:50:00,149.5
05/05/2014,11:55:00,149.8
05/05/2014,12:00:00,149.7
05/05/2014,12:05:00,149.4
05/05/2014,12:10:00,149.45
05/05/2014,12:15:00,149.4
05/05/2014,12:20:00,149.45
05/05/2014,12:25:00,149.45
05/05/2014,12:30:00,149.45
05/05/2014,12:35:00,149.45
05/05/2014,12:40:00,149.45
05/05/2014,12:45:00,149.4
05/05/2014,12:50:00,149.3
05/05/2014,12:55:00,149.4
05/05/2014,13:00:00,149.3
05/05/2014,13:05:00,149.4
05/05/2014,13:10:00,149.4
05/05/2014,13:15:00,149.45
05/05/2014,13:20:00,149.4
05/05/2014,13:25:00,149.45
05/05/2014,13:30:00,149.4
05/05/2014,13:35:00,149.5
05/05/2014,13:40:00,149.55
05/05/2014,13:45:00,149.45
05/05/2014,13:50:00,149.45
05/05/2014,13:55:00,149.5
05/05/2014,14:00:00,149.4
05/05/2014,14:05:00,149.5
05/05/2014,14:10:00,149.65
05/05/2014,14:15:00,149.75
05/05/2014,14:20:00,149.8
05/05/2014,14:25:00,149.4
05/05/2014,14:30:00,149.3
05/05/2014,14:35:00,149.6
05/05/2014,14:40:00,149.6
05/05/2014,14:45:00,149.6
05/05/2014,14:50:00,149.7
05/05/2014,14:55:00,149.7
05/05/2014,15:00:00,149.65
05/05/2014,15:05:00,149.6
05/05/2014,15:10:00,149.65
05/05/2014,15:15:00,149.55
05/05/2014,15:20:00,149.45
05/05/2014,15:25:00,149.8
05/05/2014,15:30:00,149.4
06/05/2014,09:20:00,149.85
06/05/2014,09:25:00,149.9
06/05/2014,09:30:00,149.9
06/05/2014,09:35:00,149.85
06/05/2014,09:40:00,149.75
06/05/2014,09:45:00,150.1
06/05/2014,09:50:00,150.05
06/05/2014,09:55:00,149.9
06/05/2014,10:00:00,149.95
06/05/2014,10:05:00,150.4
06/05/2014,10:10:00,150.25
06/05/2014,10:15:00,149.9
06/05/2014,10:20:00,149.45
06/05/2014,10:25:00,148.95
06/05/2014,10:30:00,148.85
06/05/2014,10:35:00,149.15
06/05/2014,10:40:00,148.8
06/05/2014,10:45:00,148.65
06/05/2014,10:50:00,148.8
06/05/2014,10:55:00,148.5
06/05/2014,11:00:00,149.0
06/05/2014,11:05:00,148.8
06/05/2014,11:10:00,149.0
06/05/2014,11:15:00,148.7
06/05/2014,11:20:00,148.7
06/05/2014,11:25:00,148.95
06/05/2014,11:30:00,148.9
06/05/2014,11:35:00,148.75
06/05/2014,11:40:00,148.55
06/05/2014,11:45:00,148.5
06/05/2014,11:50:00,148.5
06/05/2014,11:55:00,148.8
06/05/2014,12:00:00,148.4
06/05/2014,12:05:00,148.1
06/05/2014,12:10:00,148.2
06/05/2014,12:15:00,147.75
06/05/2014,12:20:00,147.9
06/05/2014,12:25:00,147.95
06/05/2014,12:30:00,147.7
06/05/2014,12:35:00,147.6
06/05/2014,12:40:00,147.75
06/05/2014,12:45:00,147.8
06/05/2014,12:50:00,147.9
06/05/2014,12:55:00,147.8
06/05/2014,13:00:00,147.65
06/05/2014,13:05:00,147.95
06/05/2014,13:10:00,148.2
06/05/2014,13:15:00,148.0
06/05/2014,13:20:00,148.05
06/05/2014,13:25:00,148.35
06/05/2014,13:30:00,148.25
06/05/2014,13:35:00,148.3
06/05/2014,13:40:00,148.3
06/05/2014,13:45:00,148.4
06/05/2014,13:50:00,148.4
06/05/2014,13:55:00,148.35
06/05/2014,14:00:00,148.5
06/05/2014,14:05:00,148.5
06/05/2014,14:10:00,148.75
06/05/2014,14:15:00,148.7
06/05/2014,14:20:00,148.75
06/05/2014,14:25:00,148.75
06/05/2014,14:30:00,148.75
06/05/2014,14:35:00,148.75
06/05/2014,14:40:00,148.85
06/05/2014,14:45:00,149.05
06/05/2014,14:50:00,149.25
06/05/2014,14:55:00,149.9
06/05/2014,15:00:00,149.55
06/05/2014,15:05:00,149.9
06/05/2014,15:10:00,149.85
06/05/2014,15:15:00,149.65
06/05/2014,15:20:00,149.85
06/05/2014,15:25:00,149.9
06/05/2014,15:30:00,149.8
07/05/2014,09:20:00,149.55
07/05/2014,09:25:00,149.65
07/05/2014,09:30:00,149.85
07/05/2014,09:35:00,149.85
07/05/2014,09:40:00,150.15
07/05/2014,09:45:00,150.7
07/05/2014,09:50:00,150.4
07/05/2014,09:55:00,150.4
07/05/2014,10:00:00,150.5
07/05/2014,10:05:00,150.5
07/05/2014,10:10:00,150.35
07/05/2014,10:15:00,150.6
07/05/2014,10:20:00,150.55
07/05/2014,10:25:00,150.8
07/05/2014,10:30:00,150.8
07/05/2014,10:35:00,150.95
07/05/2014,10:40:00,150.9
07/05/2014,10:45:00,150.75
07/05/2014,10:50:00,150.7
07/05/2014,10:55:00,150.9
07/05/2014,11:00:00,150.85
07/05/2014,11:05:00,150.8
07/05/2014,11:10:00,150.7
07/05/2014,11:15:00,150.45
07/05/2014,11:20:00,150.05
07/05/2014,11:25:00,150.45
07/05/2014,11:30:00,150.55
07/05/2014,11:35:00,150.5
07/05/2014,11:40:00,150.55
07/05/2014,11:45:00,150.5
07/05/2014,11:50:00,150.55
07/05/2014,11:55:00,150.6
07/05/2014,12:00:00,150.55
07/05/2014,12:05:00,150.6
07/05/2014,12:10:00,150.5
07/05/2014,12:15:00,150.25
07/05/2014,12:20:00,149.95
07/05/2014,12:25:00,150.2
07/05/2014,12:30:00,150.05
07/05/2014,12:35:00,150.0
07/05/2014,12:40:00,149.95
07/05/2014,12:45:00,150.0
07/05/2014,12:50:00,150.35
07/05/2014,12:55:00,149.95
07/05/2014,13:00:00,150.0
07/05/2014,13:05:00,150.1
07/05/2014,13:10:00,149.95
07/05/2014,13:15:00,150.2
07/05/2014,13:20:00,150.3
07/05/2014,13:25:00,150.5
07/05/2014,13:30:00,150.35
07/05/2014,13:35:00,150.45
07/05/2014,13:40:00,150.05
07/05/2014,13:45:00,150.05
07/05/2014,13:50:00,150.0
07/05/2014,13:55:00,150.25
07/05/2014,14:00:00,150.25
07/05/2014,14:05:00,150.3
07/05/2014,14:10:00,150.45
07/05/2014,14:15:00,150.4
07/05/2014,14:20:00,150.3
07/05/2014,14:25:00,150.25
07/05/2014,14:30:00,150.35
07/05/2014,14:35:00,150.35
07/05/2014,14:40:00,150.55
07/05/2014,14:45:00,150.35
07/05/2014,14:50:00,150.35
07/05/2014,14:55:00,150.2
07/05/2014,15:00:00,150.05
07/05/2014,15:05:00,150.1
07/05/2014,15:10:00,149.8
07/05/2014,15:15:00,150.05
07/05/2014,15:20:00,150.35
07/05/2014,15:25:00,150.35
07/05/2014,15:30:00,150.25
08/05/2014,09:20:00,150.8
08/05/2014,09:25:00,151.05
08/05/2014,09:30:00,150.95
08/05/2014,09:35:00,150.6
08/05/2014,09:40:00,150.55
08/05/2014,09:45:00,150.9
08/05/2014,09:50:00,151.0
08/05/2014,09:55:00,150.65
08/05/2014,10:00:00,150.5
08/05/2014,10:05:00,150.65
08/05/2014,10:10:00,150.75
08/05/2014,10:15:00,150.65
08/05/2014,10:20:00,150.65
08/05/2014,10:25:00,150.65
08/05/2014,10:30:00,150.6
08/05/2014,10:35:00,150.65
08/05/2014,10:40:00,150.75
08/05/2014,10:45:00,150.65
08/05/2014,10:50:00,150.7
08/05/2014,10:55:00,150.7
08/05/2014,11:00:00,150.55
08/05/2014,11:05:00,150.6
08/05/2014,11:10:00,150.65
08/05/2014,11:15:00,150.55
08/05/2014,11:20:00,150.5
08/05/2014,11:25:00,150.55
08/05/2014,11:30:00,150.5
08/05/2014,11:35:00,150.5
08/05/2014,11:40:00,150.6
08/05/2014,11:45:00,150.7
08/05/2014,11:50:00,150.7
08/05/2014,11:55:00,150.25
08/05/2014,12:00:00,150.5
08/05/2014,12:05:00,150.65
08/05/2014,12:10:00,150.75
08/05/2014,12:15:00,150.1
08/05/2014,12:20:00,150.35
08/05/2014,12:25:00,150.4
08/05/2014,12:30:00,150.5
08/05/2014,12:35:00,150.7
08/05/2014,12:40:00,150.55
08/05/2014,12:45:00,150.65
08/05/2014,12:50:00,150.55
08/05/2014,12:55:00,150.25
08/05/2014,13:00:00,150.35
08/05/2014,13:05:00,150.3
08/05/2014,13:10:00,150.25
08/05/2014,13:15:00,150.3
08/05/2014,13:20:00,149.9
08/05/2014,13:25:00,150.1
08/05/2014,13:30:00,149.95
08/05/2014,13:35:00,149.8
08/05/2014,13:40:00,149.75
08/05/2014,13:45:00,149.85
08/05/2014,13:50:00,150.15
08/05/2014,13:55:00,149.9
08/05/2014,14:00:00,149.8
08/05/2014,14:05:00,149.75
08/05/2014,14:10:00,149.7
08/05/2014,14:15:00,149.65
08/05/2014,14:20:00,149.6
08/05/2014,14:25:00,149.6
08/05/2014,14:30:00,149.8
08/05/2014,14:35:00,149.75
08/05/2014,14:40:00,149.75
08/05/2014,14:45:00,149.7
08/05/2014,14:50:00,149.7
08/05/2014,14:55:00,149.75
08/05/2014,15:00:00,149.7
08/05/2014,15:05:00,149.8
08/05/2014,15:10:00,149.7
08/05/2014,15:15:00,149.6
08/05/2014,15:20:00,149.6
08/05/2014,15:25:00,149.6
08/05/2014,15:30:00,149.5
09/05/2014,09:20:00,149.6
09/05/2014,09:25:00,149.55
09/05/2014,09:30:00,148.75
09/05/2014,09:35:00,149.0
09/05/2014,09:40:00,149.0
09/05/2014,09:45:00,149.65
09/05/2014,09:50:00,150.4
09/05/2014,09:55:00,149.9
09/05/2014,10:00:00,150.0
09/05/2014,10:05:00,149.85
09/05/2014,10:10:00,149.6
09/05/2014,10:15:00,149.8
09/05/2014,10:20:00,149.8
09/05/2014,10:25:00,149.8
09/05/2014,10:30:00,150.0
09/05/2014,10:35:00,149.8
09/05/2014,10:40:00,149.9
09/05/2014,10:45:00,149.95
09/05/2014,10:50:00,149.95
09/05/2014,10:55:00,149.8
09/05/2014,11:00:00,149.95
09/05/2014,11:05:00,149.95
09/05/2014,11:10:00,149.8
09/05/2014,11:15:00,149.9
09/05/2014,11:20:00,149.9
09/05/2014,11:25:00,149.95
09/05/2014,11:30:00,150.0
09/05/2014,11:35:00,149.9
09/05/2014,11:40:00,150.0
09/05/2014,11:45:00,149.85
09/05/2014,11:50:00,149.9
09/05/2014,11:55:00,150.0
09/05/2014,12:00:00,150.05
09/05/2014,12:05:00,149.9
09/05/2014,12:10:00,150.1
09/05/2014,12:15:00,150.1
09/05/2014,12:20:00,150.1
09/05/2014,12:25:00,150.4
09/05/2014,12:30:00,150.3
09/05/2014,12:35:00,150.3
09/05/2014,12:40:00,150.45
09/05/2014,12:45:00,150.4
09/05/2014,12:50:00,150.4
09/05/2014,12:55:00,150.4
09/05/2014,13:00:00,150.5
09/05/2014,13:05:00,150.75
09/05/2014,13:10:00,150.6
09/05/2014,13:15:00,150.85
09/05/2014,13:20:00,151.25
09/05/2014,13:25:00,150.55
09/05/2014,13:30:00,150.95
09/05/2014,13:35:00,151.0
09/05/2014,13:40:00,151.3
09/05/2014,13:45:00,150.85
09/05/2014,13:50:00,150.6
09/05/2014,13:55:00,150.45
09/05/2014,14:00:00,150.4
09/05/2014,14:05:00,150.1
09/05/2014,14:10:00,149.65
09/05/2014,14:15:00,149.8
09/05/2014,14:20:00,149.7
09/05/2014,14:25:00,149.75
09/05/2014,14:30:00,149.05
09/05/2014,14:35:00,148.35
09/05/2014,14:40:00,148.95
09/05/2014,14:45:00,148.8
09/05/2014,14:50:00,149.05
09/05/2014,14:55:00,149.4
09/05/2014,15:00:00,149.35
09/05/2014,15:05:00,149.95
09/05/2014,15:10:00,149.75
09/05/2014,15:15:00,149.95
09/05/2014,15:20:00,149.75
09/05/2014,15:25:00,149.7
09/05/2014,15:30:00,149.6
12/05/2014,09:20:00,150.9
12/05/2014,09:25:00,151.1
12/05/2014,09:30:00,152.2
12/05/2014,09:35:00,150.7
12/05/2014,09:40:00,150.75
12/05/2014,09:45:00,150.65
12/05/2014,09:50:00,150.75
12/05/2014,09:55:00,150.7
12/05/2014,10:00:00,150.75
12/05/2014,10:05:00,150.75
12/05/2014,10:10:00,150.75
12/05/2014,10:15:00,150.75
12/05/2014,10:20:00,150.55
12/05/2014,10:25:00,150.7
12/05/2014,10:30:00,150.75
12/05/2014,10:35:00,150.6
12/05/2014,10:40:00,150.15
12/05/2014,10:45:00,150.65
12/05/2014,10:50:00,150.65
12/05/2014,10:55:00,151.25
12/05/2014,11:00:00,151.25
12/05/2014,11:05:00,151.4
12/05/2014,11:10:00,151.4
12/05/2014,11:15:00,151.2
12/05/2014,11:20:00,151.45
12/05/2014,11:25:00,151.35
12/05/2014,11:30:00,151.7
12/05/2014,11:35:00,151.6
12/05/2014,11:40:00,151.4
12/05/2014,11:45:00,151.25
12/05/2014,11:50:00,151.65
12/05/2014,11:55:00,151.65
12/05/2014,12:00:00,151.6
12/05/2014,12:05:00,151.65
12/05/2014,12:10:00,151.8
12/05/2014,12:15:00,151.75
12/05/2014,12:20:00,151.65
12/05/2014,12:25:00,151.9
12/05/2014,12:30:00,152.05
12/05/2014,12:35:00,152.0
12/05/2014,12:40:00,152.1
12/05/2014,12:45:00,152.2
12/05/2014,12:50:00,152.2
12/05/2014,12:55:00,152.15
12/05/2014,13:00:00,152.0
12/05/2014,13:05:00,151.85
12/05/2014,13:10:00,151.5
12/05/2014,13:15:00,151.45
12/05/2014,13:20:00,151.45
12/05/2014,13:25:00,151.8
12/05/2014,13:30:00,151.45
12/05/2014,13:35:00,151.9
12/05/2014,13:40:00,151.8
12/05/2014,13:45:00,152.15
12/05/2014,13:50:00,152.45
12/05/2014,13:55:00,152.0
12/05/2014,14:00:00,152.0
12/05/2014,14:05:00,151.85
12/05/2014,14:10:00,151.9
12/05/2014,14:15:00,152.65
12/05/2014,14:20:00,152.4
12/05/2014,14:25:00,151.95
12/05/2014,14:30:00,151.8
12/05/2014,14:35:00,151.7
12/05/2014,14:40:00,151.85
12/05/2014,14:45:00,152.45
12/05/2014,14:50:00,152.3
12/05/2014,14:55:00,151.75
12/05/2014,15:00:00,152.45
12/05/2014,15:05:00,152.55
12/05/2014,15:10:00,152.15
12/05/2014,15:15:00,152.0
12/05/2014,15:20:00,152.0
12/05/2014,15:25:00,151.0
12/05/2014,15:30:00,152.0
13/05/2014,09:20:00,152.45
13/05/2014,09:25:00,151.4
13/05/2014,09:30:00,151.85
13/05/2014,09:35:00,151.8
13/05/2014,09:40:00,153.25
13/05/2014,09:45:00,153.05
13/05/2014,09:50:00,154.3
13/05/2014,09:55:00,154.35
13/05/2014,10:00:00,155.8
13/05/2014,10:05:00,156.35
13/05/2014,10:10:00,155.55
13/05/2014,10:15:00,155.9
13/05/2014,10:20:00,155.45
13/05/2014,10:25:00,155.15
13/05/2014,10:30:00,155.0
13/05/2014,10:35:00,155.25
13/05/2014,10:40:00,155.1
13/05/2014,10:45:00,155.35
13/05/2014,10:50:00,155.1
13/05/2014,10:55:00,155.0
13/05/2014,11:00:00,154.9
13/05/2014,11:05:00,154.8
13/05/2014,11:10:00,154.8
13/05/2014,11:15:00,156.05
13/05/2014,11:20:00,155.3
13/05/2014,11:25:00,155.4
13/05/2014,11:30:00,155.45
13/05/2014,11:35:00,155.0
13/05/2014,11:40:00,154.85
13/05/2014,11:45:00,154.75
13/05/2014,11:50:00,155.0
13/05/2014,11:55:00,155.0
13/05/2014,12:00:00,154.95
13/05/2014,12:05:00,154.75
13/05/2014,12:10:00,153.75
13/05/2014,12:15:00,153.35
13/05/2014,12:20:00,153.1
13/05/2014,12:25:00,152.55
13/05/2014,12:30:00,152.15
13/05/2014,12:35:00,151.15
13/05/2014,12:40:00,151.75
13/05/2014,12:45:00,152.15
13/05/2014,12:50:00,152.3
13/05/2014,12:55:00,151.95
13/05/2014,13:00:00,151.55
13/05/2014,13:05:00,151.9
13/05/2014,13:10:00,152.0
13/05/2014,13:15:00,152.0
13/05/2014,13:20:00,152.0
13/05/2014,13:25:00,152.0
13/05/2014,13:30:00,152.0
13/05/2014,13:35:00,152.75
13/05/2014,13:40:00,152.2
13/05/2014,13:45:00,152.5
13/05/2014,13:50:00,152.1
13/05/2014,13:55:00,151.9
13/05/2014,14:00:00,151.85
13/05/2014,14:05:00,151.85
13/05/2014,14:10:00,152.0
13/05/2014,14:15:00,151.85
13/05/2014,14:20:00,151.95
13/05/2014,14:25:00,151.9
13/05/2014,14:30:00,151.6
13/05/2014,14:35:00,151.95
13/05/2014,14:40:00,152.0
13/05/2014,14:45:00,151.6
13/05/2014,14:50:00,151.75
13/05/2014,14:55:00,151.75
13/05/2014,15:00:00,151.9
13/05/2014,15:05:00,151.75
13/05/2014,15:10:00,152.0
13/05/2014,15:15:00,152.0
13/05/2014,15:20:00,151.9
13/05/2014,15:25:00,151.75
13/05/2014,15:30:00,151.4
14/05/2014,09:20:00,153.35
14/05/2014,09:25:00,153.8
14/05/2014,09:30:00,153.55
14/05/2014,09:35:00,154.0
14/05/2014,09:40:00,154.0
14/05/2014,09:45:00,154.05
14/05/2014,09:50:00,154.0
14/05/2014,09:55:00,154.0
14/05/2014,10:00:00,153.85
14/05/2014,10:05:00,153.85
14/05/2014,10:10:00,154.0
14/05/2014,10:15:00,154.1
14/05/2014,10:20:00,153.95
14/05/2014,10:25:00,154.0
14/05/2014,10:30:00,154.0
14/05/2014,10:35:00,155.15
14/05/2014,10:40:00,155.9
14/05/2014,10:45:00,156.15
14/05/2014,10:50:00,155.8
14/05/2014,10:55:00,155.8
14/05/2014,11:00:00,155.8
14/05/2014,11:05:00,155.95
14/05/2014,11:10:00,155.5
14/05/2014,11:15:00,155.6
14/05/2014,11:20:00,155.5
14/05/2014,11:25:00,155.6
14/05/2014,11:30:00,155.6
14/05/2014,11:35:00,155.7
14/05/2014,11:40:00,155.9
14/05/2014,11:45:00,155.85
14/05/2014,11:50:00,155.25
14/05/2014,11:55:00,154.95
14/05/2014,12:00:00,154.95
14/05/2014,12:05:00,155.2
14/05/2014,12:10:00,155.0
14/05/2014,12:15:00,154.4
14/05/2014,12:20:00,154.75
14/05/2014,12:25:00,154.85
14/05/2014,12:30:00,154.15
14/05/2014,12:35:00,154.9
14/05/2014,12:40:00,154.85
14/05/2014,12:45:00,155.0
14/05/2014,12:50:00,154.9
14/05/2014,12:55:00,155.0
14/05/2014,13:00:00,154.8
14/05/2014,13:05:00,154.9
14/05/2014,13:10:00,155.0
14/05/2014,13:15:00,155.65
14/05/2014,13:20:00,155.85
14/05/2014,13:25:00,155.8
14/05/2014,13:30:00,155.9
14/05/2014,13:35:00,156.25
14/05/2014,13:40:00,157.4
14/05/2014,13:45:00,157.2
14/05/2014,13:50:00,157.2
14/05/2014,13:55:00,158.0
14/05/2014,14:00:00,158.1
14/05/2014,14:05:00,156.9
14/05/2014,14:10:00,156.7
14/05/2014,14:15:00,157.5
14/05/2014,14:20:00,157.6
14/05/2014,14:25:00,157.65
14/05/2014,14:30:00,158.35
14/05/2014,14:35:00,157.95
14/05/2014,14:40:00,158.3
14/05/2014,14:45:00,158.25
14/05/2014,14:50:00,157.95
14/05/2014,14:55:00,158.0
14/05/2014,15:00:00,158.3
14/05/2014,15:05:00,159.3
14/05/2014,15:10:00,158.7
14/05/2014,15:15:00,158.95
14/05/2014,15:20:00,159.05
14/05/2014,15:25:00,159.35
14/05/2014,15:30:00,159.45
15/05/2014,09:20:00,160.3
15/05/2014,09:25:00,160.4
15/05/2014,09:30:00,158.45
15/05/2014,09:35:00,157.8
15/05/2014,09:40:00,158.0
15/05/2014,09:45:00,157.95
15/05/2014,09:50:00,157.85
15/05/2014,09:55:00,156.9
15/05/2014,10:00:00,156.6
15/05/2014,10:05:00,156.0
15/05/2014,10:10:00,156.0
15/05/2014,10:15:00,155.4
15/05/2014,10:20:00,155.0
15/05/2014,10:25:00,155.8
15/05/2014,10:30:00,155.55
15/05/2014,10:35:00,156.05
15/05/2014,10:40:00,155.75
15/05/2014,10:45:00,155.85
15/05/2014,10:50:00,156.0
15/05/2014,10:55:00,156.05
15/05/2014,11:00:00,156.15
15/05/2014,11:05:00,155.95
15/05/2014,11:10:00,156.0
15/05/2014,11:15:00,155.85
15/05/2014,11:20:00,156.0
15/05/2014,11:25:00,155.2
15/05/2014,11:30:00,155.0
15/05/2014,11:35:00,155.25
15/05/2014,11:40:00,155.2
15/05/2014,11:45:00,155.35
15/05/2014,11:50:00,154.85
15/05/2014,11:55:00,154.95
15/05/2014,12:00:00,155.2
15/05/2014,12:05:00,155.5
15/05/2014,12:10:00,154.9
15/05/2014,12:15:00,155.0
15/05/2014,12:20:00,155.2
15/05/2014,12:25:00,155.4
15/05/2014,12:30:00,155.45
15/05/2014,12:35:00,155.95
15/05/2014,12:40:00,155.8
15/05/2014,12:45:00,155.85
15/05/2014,12:50:00,155.9
15/05/2014,12:55:00,156.15
15/05/2014,13:00:00,156.0
15/05/2014,13:05:00,155.9
15/05/2014,13:10:00,155.75
15/05/2014,13:15:00,155.4
15/05/2014,13:20:00,155.55
15/05/2014,13:25:00,155.8
15/05/2014,13:30:00,155.35
15/05/2014,13:35:00,155.35
15/05/2014,13:40:00,155.2
15/05/2014,13:45:00,155.05
15/05/2014,13:50:00,155.0
15/05/2014,13:55:00,154.75
15/05/2014,14:00:00,154.9
15/05/2014,14:05:00,154.8
15/05/2014,14:10:00,154.4
15/05/2014,14:15:00,154.5
15/05/2014,14:20:00,154.85
15/05/2014,14:25:00,154.85
15/05/2014,14:30:00,154.75
15/05/2014,14:35:00,154.75
15/05/2014,14:40:00,154.8
15/05/2014,14:45:00,154.75
15/05/2014,14:50:00,154.75
15/05/2014,14:55:00,155.0
15/05/2014,15:00:00,154.9
15/05/2014,15:05:00,155.0
15/05/2014,15:10:00,155.0
15/05/2014,15:15:00,155.5
15/05/2014,15:20:00,154.8
15/05/2014,15:25:00,154.9
15/05/2014,15:30:00,153.9
16/05/2014,09:20:00,157.0
16/05/2014,09:25:00,158.0
16/05/2014,09:30:00,159.55
16/05/2014,09:35:00,159.8
16/05/2014,09:40:00,159.95
16/05/2014,09:45:00,160.85
16/05/2014,09:50:00,162.0
16/05/2014,09:55:00,162.0
16/05/2014,10:00:00,162.0
16/05/2014,10:05:00,160.5
16/05/2014,10:10:00,158.3
16/05/2014,10:15:00,159.5
16/05/2014,10:20:00,160.0
16/05/2014,10:25:00,159.75
16/05/2014,10:30:00,159.9
16/05/2014,10:35:00,159.85
16/05/2014,10:40:00,160.4
16/05/2014,10:45:00,160.1
16/05/2014,10:50:00,160.0
16/05/2014,10:55:00,158.8
16/05/2014,11:00:00,159.4
16/05/2014,11:05:00,158.6
16/05/2014,11:10:00,158.75
16/05/2014,11:15:00,158.8
16/05/2014,11:20:00,158.95
16/05/2014,11:25:00,157.8
16/05/2014,11:30:00,157.75
16/05/2014,11:35:00,157.6
16/05/2014,11:40:00,158.6
16/05/2014,11:45:00,159.1
16/05/2014,11:50:00,158.6
16/05/2014,11:55:00,159.45
16/05/2014,12:00:00,159.15
16/05/2014,12:05:00,159.3
16/05/2014,12:10:00,159.75
16/05/2014,12:15:00,159.65
16/05/2014,12:20:00,160.05
16/05/2014,12:25:00,160.4
16/05/2014,12:30:00,160.3
16/05/2014,12:35:00,161.0
16/05/2014,12:40:00,160.75
16/05/2014,12:45:00,161.0
16/05/2014,12:50:00,159.9
16/05/2014,12:55:00,159.1
16/05/2014,13:00:00,158.85
16/05/2014,13:05:00,158.85
16/05/2014,13:10:00,158.75
16/05/2014,13:15:00,158.6
16/05/2014,13:20:00,158.6
16/05/2014,13:25:00,158.15
16/05/2014,13:30:00,159.05
16/05/2014,13:35:00,161.0
16/05/2014,13:40:00,159.0
16/05/2014,13:45:00,158.75
16/05/2014,13:50:00,158.65
16/05/2014,13:55:00,158.3
16/05/2014,14:00:00,158.0
16/05/2014,14:05:00,158.8
16/05/2014,14:10:00,158.1
16/05/2014,14:15:00,158.3
16/05/2014,14:20:00,160.35
16/05/2014,14:25:00,161.9
16/05/2014,14:30:00,161.3
16/05/2014,14:35:00,159.9
16/05/2014,14:40:00,159.35
16/05/2014,14:45:00,163.0
16/05/2014,14:50:00,162.25
16/05/2014,14:55:00,161.9
16/05/2014,15:00:00,163.1
16/05/2014,15:05:00,162.5
16/05/2014,15:10:00,161.8
16/05/2014,15:15:00,161.95
16/05/2014,15:20:00,162.1
16/05/2014,15:25:00,161.0
16/05/2014,15:30:00,162.0
19/05/2014,09:20:00,163.15
19/05/2014,09:25:00,163.5
19/05/2014,09:30:00,163.65
19/05/2014,09:35:00,163.8
19/05/2014,09:40:00,163.95
19/05/2014,09:45:00,164.4
19/05/2014,09:50:00,164.85
19/05/2014,09:55:00,165.55
19/05/2014,10:00:00,166.55
19/05/2014,10:05:00,166.35
19/05/2014,10:10:00,165.8
19/05/2014,10:15:00,164.5
19/05/2014,10:20:00,164.35
19/05/2014,10:25:00,165.25
19/05/2014,10:30:00,165.5
19/05/2014,10:35:00,164.6
19/05/2014,10:40:00,164.2
19/05/2014,10:45:00,162.0
19/05/2014,10:50:00,162.45
19/05/2014,10:55:00,162.9
19/05/2014,11:00:00,162.9
19/05/2014,11:05:00,161.3
19/05/2014,11:10:00,160.75
19/05/2014,11:15:00,161.0
19/05/2014,11:20:00,161.3
19/05/2014,11:25:00,161.55
19/05/2014,11:30:00,162.05
19/05/2014,11:35:00,163.0
19/05/2014,11:40:00,163.3
19/05/2014,11:45:00,163.3
19/05/2014,11:50:00,162.85
19/05/2014,11:55:00,163.0
19/05/2014,12:00:00,162.95
19/05/2014,12:05:00,162.95
19/05/2014,12:10:00,162.95
19/05/2014,12:15:00,163.8
19/05/2014,12:20:00,164.65
19/05/2014,12:25:00,164.1
19/05/2014,12:30:00,165.0
19/05/2014,12:35:00,164.6
19/05/2014,12:40:00,164.75
19/05/2014,12:45:00,164.35
19/05/2014,12:50:00,164.9
19/05/2014,12:55:00,164.7
19/05/2014,13:00:00,164.95
19/05/2014,13:05:00,165.15
19/05/2014,13:10:00,166.55
19/05/2014,13:15:00,168.6
19/05/2014,13:20:00,169.45
19/05/2014,13:25:00,168.75
19/05/2014,13:30:00,168.75
19/05/2014,13:35:00,168.85
19/05/2014,13:40:00,171.0
19/05/2014,13:45:00,169.85
19/05/2014,13:50:00,169.3
19/05/2014,13:55:00,169.0
19/05/2014,14:00:00,169.0
19/05/2014,14:05:00,169.1
19/05/2014,14:10:00,169.0
19/05/2014,14:15:00,169.75
19/05/2014,14:20:00,169.8
19/05/2014,14:25:00,169.6
19/05/2014,14:30:00,169.3
19/05/2014,14:35:00,169.75
19/05/2014,14:40:00,169.6
19/05/2014,14:45:00,169.55
19/05/2014,14:50:00,169.9
19/05/2014,14:55:00,169.2
19/05/2014,15:00:00,169.15
19/05/2014,15:05:00,169.9
19/05/2014,15:10:00,169.4
19/05/2014,15:15:00,169.55
19/05/2014,15:20:00,168.9
19/05/2014,15:25:00,168.5
19/05/2014,15:30:00,169.2
20/05/2014,09:20:00,173.0
20/05/2014,09:25:00,172.2
20/05/2014,09:30:00,173.1
20/05/2014,09:35:00,173.7
20/05/2014,09:40:00,173.15
20/05/2014,09:45:00,172.55
20/05/2014,09:50:00,172.7
20/05/2014,09:55:00,172.75
20/05/2014,10:00:00,172.55
20/05/2014,10:05:00,173.4
20/05/2014,10:10:00,173.95
20/05/2014,10:15:00,175.4
20/05/2014,10:20:00,175.3
20/05/2014,10:25:00,175.1
20/05/2014,10:30:00,172.85
20/05/2014,10:35:00,172.85
20/05/2014,10:40:00,172.15
20/05/2014,10:45:00,171.7
20/05/2014,10:50:00,171.0
20/05/2014,10:55:00,170.5
20/05/2014,11:00:00,171.75
20/05/2014,11:05:00,171.9
20/05/2014,11:10:00,172.0
20/05/2014,11:15:00,173.2
20/05/2014,11:20:00,173.95
20/05/2014,11:25:00,173.6
20/05/2014,11:30:00,173.65
20/05/2014,11:35:00,173.95
20/05/2014,11:40:00,173.95
20/05/2014,11:45:00,173.5
20/05/2014,11:50:00,173.5
20/05/2014,11:55:00,173.4
20/05/2014,12:00:00,173.25
20/05/2014,12:05:00,173.7
20/05/2014,12:10:00,173.9
20/05/2014,12:15:00,173.45
20/05/2014,12:20:00,173.35
20/05/2014,12:25:00,173.25
20/05/2014,12:30:00,173.5
20/05/2014,12:35:00,173.5
20/05/2014,12:40:00,173.3
20/05/2014,12:45:00,172.65
20/05/2014,12:50:00,173.5
20/05/2014,12:55:00,174.45
20/05/2014,13:00:00,174.6
20/05/2014,13:05:00,175.2
20/05/2014,13:10:00,175.0
20/05/2014,13:15:00,174.95
20/05/2014,13:20:00,175.85
20/05/2014,13:25:00,175.7
20/05/2014,13:30:00,176.05
20/05/2014,13:35:00,175.4
20/05/2014,13:40:00,175.0
20/05/2014,13:45:00,175.05
20/05/2014,13:50:00,175.45
20/05/2014,13:55:00,176.15
20/05/2014,14:00:00,177.25
20/05/2014,14:05:00,177.8
20/05/2014,14:10:00,178.45
20/05/2014,14:15:00,178.35
20/05/2014,14:20:00,179.45
20/05/2014,14:25:00,179.25
20/05/2014,14:30:00,180.8
20/05/2014,14:35:00,181.4
20/05/2014,14:40:00,181.95
20/05/2014,14:45:00,179.35
20/05/2014,14:50:00,179.8
20/05/2014,14:55:00,180.4
20/05/2014,15:00:00,179.3
20/05/2014,15:05:00,179.05
20/05/2014,15:10:00,178.65
20/05/2014,15:15:00,178.5
20/05/2014,15:20:00,177.45
20/05/2014,15:25:00,177.45
20/05/2014,15:30:00,177.9
21/05/2014,09:20:00,174.9
21/05/2014,09:25:00,175.35
21/05/2014,09:30:00,175.05
21/05/2014,09:35:00,175.0
21/05/2014,09:40:00,175.2
21/05/2014,09:45:00,174.6
21/05/2014,09:50:00,174.8
21/05/2014,09:55:00,175.2
21/05/2014,10:00:00,176.0
21/05/2014,10:05:00,177.1
21/05/2014,10:10:00,176.85
21/05/2014,10:15:00,176.15
21/05/2014,10:20:00,177.0
21/05/2014,10:25:00,178.4
21/05/2014,10:30:00,180.1
21/05/2014,10:35:00,182.2
21/05/2014,10:40:00,185.35
21/05/2014,10:45:00,185.0
21/05/2014,10:50:00,184.95
21/05/2014,10:55:00,184.0
21/05/2014,11:00:00,184.0
21/05/2014,11:05:00,184.0
21/05/2014,11:10:00,184.05
21/05/2014,11:15:00,183.9
21/05/2014,11:20:00,183.9
21/05/2014,11:25:00,182.9
21/05/2014,11:30:00,182.95
21/05/2014,11:35:00,182.55
21/05/2014,11:40:00,182.1
21/05/2014,11:45:00,182.15
21/05/2014,11:50:00,182.2
21/05/2014,11:55:00,182.25
21/05/2014,12:00:00,182.1
21/05/2014,12:05:00,181.45
21/05/2014,12:10:00,180.95
21/05/2014,12:15:00,179.9
21/05/2014,12:20:00,181.4
21/05/2014,12:25:00,181.0
21/05/2014,12:30:00,180.4
21/05/2014,12:35:00,180.35
21/05/2014,12:40:00,179.6
21/05/2014,12:45:00,179.35
21/05/2014,12:50:00,178.35
21/05/2014,12:55:00,178.25
21/05/2014,13:00:00,176.5
21/05/2014,13:05:00,175.7
21/05/2014,13:10:00,175.3
21/05/2014,13:15:00,176.15
21/05/2014,13:20:00,177.05
21/05/2014,13:25:00,176.6
21/05/2014,13:30:00,176.95
21/05/2014,13:35:00,176.45
21/05/2014,13:40:00,176.5
21/05/2014,13:45:00,175.9
21/05/2014,13:50:00,176.0
21/05/2014,13:55:00,176.1
21/05/2014,14:00:00,176.2
21/05/2014,14:05:00,177.05
21/05/2014,14:10:00,177.5
21/05/2014,14:15:00,177.5
21/05/2014,14:20:00,176.95
21/05/2014,14:25:00,178.35
21/05/2014,14:30:00,179.0
21/05/2014,14:35:00,179.25
21/05/2014,14:40:00,179.85
21/05/2014,14:45:00,179.7
21/05/2014,14:50:00,177.8
21/05/2014,14:55:00,177.85
21/05/2014,15:00:00,178.35
21/05/2014,15:05:00,178.15
21/05/2014,15:10:00,177.95
21/05/2014,15:15:00,178.8
21/05/2014,15:20:00,177.5
21/05/2014,15:25:00,177.35
21/05/2014,15:30:00,176.8
22/05/2014,09:20:00,179.7
22/05/2014,09:25:00,179.0
22/05/2014,09:30:00,178.7
22/05/2014,09:35:00,178.95
22/05/2014,09:40:00,179.0
22/05/2014,09:45:00,181.0
22/05/2014,09:50:00,180.85
22/05/2014,09:55:00,181.0
22/05/2014,10:00:00,181.25
22/05/2014,10:05:00,183.0
22/05/2014,10:10:00,183.2
22/05/2014,10:15:00,183.3
22/05/2014,10:20:00,182.45
22/05/2014,10:25:00,183.35
22/05/2014,10:30:00,183.1
22/05/2014,10:35:00,182.85
22/05/2014,10:40:00,182.8
22/05/2014,10:45:00,182.75
22/05/2014,10:50:00,182.2
22/05/2014,10:55:00,182.65
22/05/2014,11:00:00,182.85
22/05/2014,11:05:00,182.35
22/05/2014,11:10:00,182.9
22/05/2014,11:15:00,182.9
22/05/2014,11:20:00,182.2
22/05/2014,11:25:00,182.55
22/05/2014,11:30:00,183.0
22/05/2014,11:35:00,183.6
22/05/2014,11:40:00,183.8
22/05/2014,11:45:00,183.9
22/05/2014,11:50:00,183.85
22/05/2014,11:55:00,184.25
22/05/2014,12:00:00,184.15
22/05/2014,12:05:00,184.35
22/05/2014,12:10:00,183.85
22/05/2014,12:15:00,183.8
22/05/2014,12:20:00,183.75
22/05/2014,12:25:00,183.35
22/05/2014,12:30:00,183.75
22/05/2014,12:35:00,183.2
22/05/2014,12:40:00,182.7
22/05/2014,12:45:00,182.85
22/05/2014,12:50:00,182.65
22/05/2014,12:55:00,182.2
22/05/2014,13:00:00,182.35
22/05/2014,13:05:00,183.05
22/05/2014,13:10:00,181.5
22/05/2014,13:15:00,182.1
22/05/2014,13:20:00,182.0
22/05/2014,13:25:00,182.05
22/05/2014,13:30:00,182.25
22/05/2014,13:35:00,182.65
22/05/2014,13:40:00,181.5
22/05/2014,13:45:00,182.1
22/05/2014,13:50:00,182.5
22/05/2014,13:55:00,182.05
22/05/2014,14:00:00,181.25
22/05/2014,14:05:00,181.35
22/05/2014,14:10:00,181.45
22/05/2014,14:15:00,181.3
22/05/2014,14:20:00,181.05
22/05/2014,14:25:00,180.25
22/05/2014,14:30:00,180.35
22/05/2014,14:35:00,178.75
22/05/2014,14:40:00,178.95
22/05/2014,14:45:00,178.85
22/05/2014,14:50:00,179.05
22/05/2014,14:55:00,178.1
22/05/2014,15:00:00,179.5
22/05/2014,15:05:00,179.2
22/05/2014,15:10:00,179.15
22/05/2014,15:15:00,180.0
22/05/2014,15:20:00,180.35
22/05/2014,15:25:00,181.3
22/05/2014,15:30:00,180.3
23/05/2014,09:20:00,181.2
23/05/2014,09:25:00,181.4
23/05/2014,09:30:00,181.2
23/05/2014,09:35:00,181.2
23/05/2014,09:40:00,181.5
23/05/2014,09:45:00,182.75
23/05/2014,09:50:00,182.25
23/05/2014,09:55:00,182.0
23/05/2014,10:00:00,180.75
23/05/2014,10:05:00,181.1
23/05/2014,10:10:00,180.9
23/05/2014,10:15:00,181.0
23/05/2014,10:20:00,181.55
23/05/2014,10:25:00,181.8
23/05/2014,10:30:00,181.85
23/05/2014,10:35:00,181.55
23/05/2014,10:40:00,181.5
23/05/2014,10:45:00,180.8
23/05/2014,10:50:00,180.45
23/05/2014,10:55:00,181.5
23/05/2014,11:00:00,181.2
23/05/2014,11:05:00,180.5
23/05/2014,11:10:00,180.6
23/05/2014,11:15:00,179.7
23/05/2014,11:20:00,179.35
23/05/2014,11:25:00,179.15
23/05/2014,11:30:00,179.55
23/05/2014,11:35:00,180.95
23/05/2014,11:40:00,181.2
23/05/2014,11:45:00,180.5
23/05/2014,11:50:00,180.5
23/05/2014,11:55:00,180.7
23/05/2014,12:00:00,180.45
23/05/2014,12:05:00,180.5
23/05/2014,12:10:00,180.7
23/05/2014,12:15:00,180.0
23/05/2014,12:20:00,180.25
23/05/2014,12:25:00,179.95
23/05/2014,12:30:00,180.0
23/05/2014,12:35:00,179.9
23/05/2014,12:40:00,180.05
23/05/2014,12:45:00,180.0
23/05/2014,12:50:00,179.65
23/05/2014,12:55:00,179.55
23/05/2014,13:00:00,179.55
23/05/2014,13:05:00,177.75
23/05/2014,13:10:00,177.85
23/05/2014,13:15:00,178.25
23/05/2014,13:20:00,177.8
23/05/2014,13:25:00,177.9
23/05/2014,13:30:00,177.45
23/05/2014,13:35:00,177.25
23/05/2014,13:40:00,177.6
23/05/2014,13:45:00,177.4
23/05/2014,13:50:00,176.15
23/05/2014,13:55:00,175.4
23/05/2014,14:00:00,176.1
23/05/2014,14:05:00,176.7
23/05/2014,14:10:00,176.45
23/05/2014,14:15:00,176.95
23/05/2014,14:20:00,176.9
23/05/2014,14:25:00,176.9
23/05/2014,14:30:00,177.0
23/05/2014,14:35:00,177.1
23/05/2014,14:40:00,178.5
23/05/2014,14:45:00,178.65
23/05/2014,14:50:00,178.9
23/05/2014,14:55:00,178.15
23/05/2014,15:00:00,178.0
23/05/2014,15:05:00,178.6
23/05/2014,15:10:00,177.9
23/05/2014,15:15:00,178.0
23/05/2014,15:20:00,178.0
23/05/2014,15:25:00,177.95
23/05/2014,15:30:00,178.65
26/05/2014,09:20:00,180.95
26/05/2014,09:25:00,180.0
26/05/2014,09:30:00,179.85
26/05/2014,09:35:00,179.9
26/05/2014,09:40:00,179.25
26/05/2014,09:45:00,179.25
26/05/2014,09:50:00,180.15
26/05/2014,09:55:00,180.85
26/05/2014,10:00:00,181.25
26/05/2014,10:05:00,181.05
26/05/2014,10:10:00,181.4
26/05/2014,10:15:00,181.05
26/05/2014,10:20:00,181.35
26/05/2014,10:25:00,181.7
26/05/2014,10:30:00,181.45
26/05/2014,10:35:00,181.4
26/05/2014,10:40:00,181.8
26/05/2014,10:45:00,181.7
26/05/2014,10:50:00,181.6
26/05/2014,10:55:00,181.7
26/05/2014,11:00:00,181.65
26/05/2014,11:05:00,182.3
26/05/2014,11:10:00,183.5
26/05/2014,11:15:00,184.95
26/05/2014,11:20:00,185.5
26/05/2014,11:25:00,184.55
26/05/2014,11:30:00,184.65
26/05/2014,11:35:00,184.55
26/05/2014,11:40:00,184.7
26/05/2014,11:45:00,184.25
26/05/2014,11:50:00,184.25
26/05/2014,11:55:00,183.8
26/05/2014,12:00:00,183.75
26/05/2014,12:05:00,183.2
26/05/2014,12:10:00,183.15
26/05/2014,12:15:00,183.2
26/05/2014,12:20:00,183.3
26/05/2014,12:25:00,184.25
26/05/2014,12:30:00,184.15
26/05/2014,12:35:00,184.1
26/05/2014,12:40:00,184.55
26/05/2014,12:45:00,184.7
26/05/2014,12:50:00,184.25
26/05/2014,12:55:00,184.2
26/05/2014,13:00:00,183.4
26/05/2014,13:05:00,181.5
26/05/2014,13:10:00,181.65
26/05/2014,13:15:00,182.3
26/05/2014,13:20:00,182.4
26/05/2014,13:25:00,182.55
26/05/2014,13:30:00,183.5
26/05/2014,13:35:00,182.55
26/05/2014,13:40:00,183.55
26/05/2014,13:45:00,183.1
26/05/2014,13:50:00,183.3
26/05/2014,13:55:00,181.6
26/05/2014,14:00:00,180.6
26/05/2014,14:05:00,179.0
26/05/2014,14:10:00,178.5
26/05/2014,14:15:00,179.55
26/05/2014,14:20:00,180.45
26/05/2014,14:25:00,178.2
26/05/2014,14:30:00,170.0
26/05/2014,14:35:00,171.4
26/05/2014,14:40:00,173.3
26/05/2014,14:45:00,171.4
26/05/2014,14:50:00,173.85
26/05/2014,14:55:00,174.4
26/05/2014,15:00:00,174.95
26/05/2014,15:05:00,177.25
26/05/2014,15:10:00,177.45
26/05/2014,15:15:00,177.5
26/05/2014,15:20:00,178.5
26/05/2014,15:25:00,177.75
26/05/2014,15:30:00,175.15
27/05/2014,09:20:00,172.6
27/05/2014,09:25:00,174.9
27/05/2014,09:30:00,175.1
27/05/2014,09:35:00,175.0
27/05/2014,09:40:00,177.0
27/05/2014,09:45:00,177.55
27/05/2014,09:50:00,177.85
27/05/2014,09:55:00,175.95
27/05/2014,10:00:00,175.9
27/05/2014,10:05:00,174.65
27/05/2014,10:10:00,174.6
27/05/2014,10:15:00,174.5
27/05/2014,10:20:00,174.2
27/05/2014,10:25:00,174.1
27/05/2014,10:30:00,173.55
27/05/2014,10:35:00,171.6
27/05/2014,10:40:00,170.6
27/05/2014,10:45:00,170.25
27/05/2014,10:50:00,169.95
27/05/2014,10:55:00,171.1
27/05/2014,11:00:00,171.75
27/05/2014,11:05:00,172.4
27/05/2014,11:10:00,172.1
27/05/2014,11:15:00,173.55
27/05/2014,11:20:00,173.25
27/05/2014,11:25:00,173.8
27/05/2014,11:30:00,173.3
27/05/2014,11:35:00,173.9
27/05/2014,11:40:00,174.2
27/05/2014,11:45:00,174.25
27/05/2014,11:50:00,173.75
27/05/2014,11:55:00,174.35
27/05/2014,12:00:00,173.85
27/05/2014,12:05:00,174.25
27/05/2014,12:10:00,174.4
27/05/2014,12:15:00,173.9
27/05/2014,12:20:00,174.0
27/05/2014,12:25:00,174.2
27/05/2014,12:30:00,174.1
27/05/2014,12:35:00,174.1
27/05/2014,12:40:00,173.95
27/05/2014,12:45:00,174.0
27/05/2014,12:50:00,174.9
27/05/2014,12:55:00,174.85
27/05/2014,13:00:00,175.45
27/05/2014,13:05:00,175.5
27/05/2014,13:10:00,174.6
27/05/2014,13:15:00,173.6
27/05/2014,13:20:00,172.4
27/05/2014,13:25:00,172.9
27/05/2014,13:30:00,172.8
27/05/2014,13:35:00,173.45
27/05/2014,13:40:00,172.75
27/05/2014,13:45:00,173.5
27/05/2014,13:50:00,173.55
27/05/2014,13:55:00,173.75
27/05/2014,14:00:00,173.95
27/05/2014,14:05:00,174.15
27/05/2014,14:10:00,175.3
27/05/2014,14:15:00,173.9
27/05/2014,14:20:00,174.8
27/05/2014,14:25:00,174.95
27/05/2014,14:30:00,175.0
27/05/2014,14:35:00,175.2
27/05/2014,14:40:00,175.35
27/05/2014,14:45:00,174.9
27/05/2014,14:50:00,175.35
27/05/2014,14:55:00,175.3
27/05/2014,15:00:00,175.1
27/05/2014,15:05:00,175.1
27/05/2014,15:10:00,175.55
27/05/2014,15:15:00,175.1
27/05/2014,15:20:00,175.3
27/05/2014,15:25:00,175.3
27/05/2014,15:30:00,175.1
28/05/2014,09:20:00,177.45
28/05/2014,09:25:00,177.1
28/05/2014,09:30:00,177.2
28/05/2014,09:35:00,177.1
28/05/2014,09:40:00,177.1
28/05/2014,09:45:00,176.4
28/05/2014,09:50:00,176.1
28/05/2014,09:55:00,177.15
28/05/2014,10:00:00,178.0
28/05/2014,10:05:00,177.85
28/05/2014,10:10:00,177.7
28/05/2014,10:15:00,177.6
28/05/2014,10:20:00,177.55
28/05/2014,10:25:00,177.0
28/05/2014,10:30:00,176.55
28/05/2014,10:35:00,177.0
28/05/2014,10:40:00,177.9
28/05/2014,10:45:00,178.3
28/05/2014,10:50:00,178.2
28/05/2014,10:55:00,178.5
28/05/2014,11:00:00,178.55
28/05/2014,11:05:00,178.6
28/05/2014,11:10:00,178.05
28/05/2014,11:15:00,178.35
28/05/2014,11:20:00,178.45
28/05/2014,11:25:00,178.3
28/05/2014,11:30:00,178.5
28/05/2014,11:35:00,178.75
28/05/2014,11:40:00,178.75
28/05/2014,11:45:00,178.7
28/05/2014,11:50:00,179.45
28/05/2014,11:55:00,179.4
28/05/2014,12:00:00,179.8
28/05/2014,12:05:00,179.25
28/05/2014,12:10:00,179.25
28/05/2014,12:15:00,179.1
28/05/2014,12:20:00,178.9
28/05/2014,12:25:00,179.05
28/05/2014,12:30:00,179.0
28/05/2014,12:35:00,178.5
28/05/2014,12:40:00,178.4
28/05/2014,12:45:00,178.55
28/05/2014,12:50:00,179.0
28/05/2014,12:55:00,178.65
28/05/2014,13:00:00,179.6
28/05/2014,13:05:00,178.35
28/05/2014,13:10:00,177.55
28/05/2014,13:15:00,177.95
28/05/2014,13:20:00,178.0
28/05/2014,13:25:00,177.9
28/05/2014,13:30:00,177.25
28/05/2014,13:35:00,177.85
28/05/2014,13:40:00,176.4
28/05/2014,13:45:00,176.35
28/05/2014,13:50:00,175.5
28/05/2014,13:55:00,175.4
28/05/2014,14:00:00,175.25
28/05/2014,14:05:00,175.3
28/05/2014,14:10:00,175.95
28/05/2014,14:15:00,175.75
28/05/2014,14:20:00,175.9
28/05/2014,14:25:00,175.75
28/05/2014,14:30:00,175.3
28/05/2014,14:35:00,174.6
28/05/2014,14:40:00,175.7
28/05/2014,14:45:00,174.9
28/05/2014,14:50:00,175.8
28/05/2014,14:55:00,175.1
28/05/2014,15:00:00,175.0
28/05/2014,15:05:00,175.35
28/05/2014,15:10:00,176.5
28/05/2014,15:15:00,176.1
28/05/2014,15:20:00,176.1
28/05/2014,15:25:00,176.25
28/05/2014,15:30:00,176.0
29/05/2014,09:20:00,177.4
29/05/2014,09:25:00,176.95
29/05/2014,09:30:00,177.4
29/05/2014,09:35:00,177.35
29/05/2014,09:40:00,177.15
29/05/2014,09:45:00,177.2
29/05/2014,09:50:00,176.9
29/05/2014,09:55:00,176.85
29/05/2014,10:00:00,176.7
29/05/2014,10:05:00,176.45
29/05/2014,10:10:00,175.75
29/05/2014,10:15:00,175.85
29/05/2014,10:20:00,175.8
29/05/2014,10:25:00,175.7
29/05/2014,10:30:00,175.45
29/05/2014,10:35:00,174.75
29/05/2014,10:40:00,173.65
29/05/2014,10:45:00,173.5
29/05/2014,10:50:00,173.0
29/05/2014,10:55:00,173.8
29/05/2014,11:00:00,174.25
29/05/2014,11:05:00,173.5
29/05/2014,11:10:00,173.35
29/05/2014,11:15:00,173.9
29/05/2014,11:20:00,173.7
29/05/2014,11:25:00,173.5
29/05/2014,11:30:00,173.95
29/05/2014,11:35:00,173.75
29/05/2014,11:40:00,173.45
29/05/2014,11:45:00,173.2
29/05/2014,11:50:00,173.5
29/05/2014,11:55:00,173.6
29/05/2014,12:00:00,173.85
29/05/2014,12:05:00,173.0
29/05/2014,12:10:00,173.15
29/05/2014,12:15:00,174.0
29/05/2014,12:20:00,173.6
29/05/2014,12:25:00,172.5
29/05/2014,12:30:00,173.0
29/05/2014,12:35:00,173.05
29/05/2014,12:40:00,172.95
29/05/2014,12:45:00,172.8
29/05/2014,12:50:00,172.9
29/05/2014,12:55:00,173.0
29/05/2014,13:00:00,173.3
29/05/2014,13:05:00,172.8
29/05/2014,13:10:00,173.2
29/05/2014,13:15:00,173.2
29/05/2014,13:20:00,173.05
29/05/2014,13:25:00,173.1
29/05/2014,13:30:00,173.25
29/05/2014,13:35:00,173.3
29/05/2014,13:40:00,173.6
29/05/2014,13:45:00,173.85
29/05/2014,13:50:00,173.6
29/05/2014,13:55:00,173.6
29/05/2014,14:00:00,173.7
29/05/2014,14:05:00,173.6
29/05/2014,14:10:00,173.5
29/05/2014,14:15:00,173.85
29/05/2014,14:20:00,173.75
29/05/2014,14:25:00,173.95
29/05/2014,14:30:00,173.6
29/05/2014,14:35:00,173.65
29/05/2014,14:40:00,173.65
29/05/2014,14:45:00,173.05
29/05/2014,14:50:00,173.1
29/05/2014,14:55:00,173.55
29/05/2014,15:00:00,173.2
29/05/2014,15:05:00,171.35
29/05/2014,15:10:00,170.5
29/05/2014,15:15:00,171.45
29/05/2014,15:20:00,171.5
29/05/2014,15:25:00,171.0
29/05/2014,15:30:00,172.5
30/05/2014,09:20:00,172.65
30/05/2014,09:25:00,173.5
30/05/2014,09:30:00,174.35
30/05/2014,09:35:00,172.8
30/05/2014,09:40:00,172.95
30/05/2014,09:45:00,172.8
30/05/2014,09:50:00,173.4
30/05/2014,09:55:00,173.4
30/05/2014,10:00:00,173.25
30/05/2014,10:05:00,174.2
30/05/2014,10:10:00,175.6
30/05/2014,10:15:00,174.75
30/05/2014,10:20:00,174.4
30/05/2014,10:25:00,174.35
30/05/2014,10:30:00,174.65
30/05/2014,10:35:00,174.55
30/05/2014,10:40:00,174.8
30/05/2014,10:45:00,174.0
30/05/2014,10:50:00,174.5
30/05/2014,10:55:00,174.55
30/05/2014,11:00:00,174.05
30/05/2014,11:05:00,173.55
30/05/2014,11:10:00,174.2
30/05/2014,11:15:00,174.25
30/05/2014,11:20:00,173.8
30/05/2014,11:25:00,173.85
30/05/2014,11:30:00,173.7
30/05/2014,11:35:00,173.45
30/05/2014,11:40:00,173.55
30/05/2014,11:45:00,173.5
30/05/2014,11:50:00,173.4
30/05/2014,11:55:00,173.25
30/05/2014,12:00:00,173.1
30/05/2014,12:05:00,173.2
30/05/2014,12:10:00,172.9
30/05/2014,12:15:00,172.6
30/05/2014,12:20:00,173.15
30/05/2014,12:25:00,172.8
30/05/2014,12:30:00,173.05
30/05/2014,12:35:00,172.4
30/05/2014,12:40:00,172.3
30/05/2014,12:45:00,171.7
30/05/2014,12:50:00,172.55
30/05/2014,12:55:00,172.65
30/05/2014,13:00:00,172.7
30/05/2014,13:05:00,173.15
30/05/2014,13:10:00,173.65
30/05/2014,13:15:00,173.65
30/05/2014,13:20:00,173.2
30/05/2014,13:25:00,172.85
30/05/2014,13:30:00,172.85
30/05/2014,13:35:00,173.45
30/05/2014,13:40:00,173.1
30/05/2014,13:45:00,172.75
30/05/2014,13:50:00,172.5
30/05/2014,13:55:00,172.95
30/05/2014,14:00:00,172.75
30/05/2014,14:05:00,172.85
30/05/2014,14:10:00,172.85
30/05/2014,14:15:00,172.6
30/05/2014,14:20:00,172.3
30/05/2014,14:25:00,172.15
30/05/2014,14:30:00,172.4
30/05/2014,14:35:00,172.3
30/05/2014,14:40:00,172.45
30/05/2014,14:45:00,172.55
30/05/2014,14:50:00,172.2
30/05/2014,14:55:00,172.0
30/05/2014,15:00:00,171.75
30/05/2014,15:05:00,170.45
30/05/2014,15:10:00,169.95
30/05/2014,15:15:00,170.5
30/05/2014,15:20:00,170.5
30/05/2014,15:25:00,170.4
30/05/2014,15:30:00,169.65
02/06/2014,09:20:00,172.6
02/06/2014,09:25:00,173.55
02/06/2014,09:30:00,174.0
02/06/2014,09:35:00,174.15
02/06/2014,09:40:00,179.0
02/06/2014,09:45:00,177.8
02/06/2014,09:50:00,177.25
02/06/2014,09:55:00,177.25
02/06/2014,10:00:00,176.5
02/06/2014,10:05:00,176.0
02/06/2014,10:10:00,175.85
02/06/2014,10:15:00,176.0
02/06/2014,10:20:00,176.0
02/06/2014,10:25:00,175.4
02/06/2014,10:30:00,175.4
02/06/2014,10:35:00,175.75
02/06/2014,10:40:00,175.95
02/06/2014,10:45:00,176.0
02/06/2014,10:50:00,175.85
02/06/2014,10:55:00,176.1
02/06/2014,11:00:00,175.8
02/06/2014,11:05:00,175.95
02/06/2014,11:10:00,175.95
02/06/2014,11:15:00,176.0
02/06/2014,11:20:00,176.0
02/06/2014,11:25:00,176.65
02/06/2014,11:30:00,176.25
02/06/2014,11:35:00,176.4
02/06/2014,11:40:00,176.9
02/06/2014,11:45:00,176.8
02/06/2014,11:50:00,176.6
02/06/2014,11:55:00,176.65
02/06/2014,12:00:00,176.9
02/06/2014,12:05:00,176.65
02/06/2014,12:10:00,176.6
02/06/2014,12:15:00,176.85
02/06/2014,12:20:00,176.85
02/06/2014,12:25:00,176.65
02/06/2014,12:30:00,176.85
02/06/2014,12:35:00,176.4
02/06/2014,12:40:00,176.5
02/06/2014,12:45:00,176.7
02/06/2014,12:50:00,176.6
02/06/2014,12:55:00,176.65
02/06/2014,13:00:00,176.85
02/06/2014,13:05:00,176.95
02/06/2014,13:10:00,177.0
02/06/2014,13:15:00,177.0
02/06/2014,13:20:00,177.1
02/06/2014,13:25:00,176.85
02/06/2014,13:30:00,176.8
02/06/2014,13:35:00,176.9
02/06/2014,13:40:00,176.9
02/06/2014,13:45:00,176.95
02/06/2014,13:50:00,176.95
02/06/2014,13:55:00,176.7
02/06/2014,14:00:00,176.75
02/06/2014,14:05:00,176.8
02/06/2014,14:10:00,176.7
02/06/2014,14:15:00,176.1
02/06/2014,14:20:00,175.5
02/06/2014,14:25:00,174.85
02/06/2014,14:30:00,175.45
02/06/2014,14:35:00,175.25
02/06/2014,14:40:00,175.2
02/06/2014,14:45:00,174.8
02/06/2014,14:50:00,174.65
02/06/2014,14:55:00,174.65
02/06/2014,15:00:00,175.15
02/06/2014,15:05:00,175.85
02/06/2014,15:10:00,175.7
02/06/2014,15:15:00,175.5
02/06/2014,15:20:00,176.5
02/06/2014,15:25:00,176.0
02/06/2014,15:30:00,176.15
03/06/2014,09:20:00,175.95
03/06/2014,09:25:00,175.35
03/06/2014,09:30:00,175.15
03/06/2014,09:35:00,175.25
03/06/2014,09:40:00,174.3
03/06/2014,09:45:00,174.7
03/06/2014,09:50:00,174.85
03/06/2014,09:55:00,175.45
03/06/2014,10:00:00,175.0
03/06/2014,10:05:00,175.2
03/06/2014,10:10:00,175.1
03/06/2014,10:15:00,174.8
03/06/2014,10:20:00,174.85
03/06/2014,10:25:00,174.95
03/06/2014,10:30:00,174.75
03/06/2014,10:35:00,174.75
03/06/2014,10:40:00,174.85
03/06/2014,10:45:00,174.9
03/06/2014,10:50:00,174.85
03/06/2014,10:55:00,174.9
03/06/2014,11:00:00,174.5
03/06/2014,11:05:00,174.8
03/06/2014,11:10:00,174.85
03/06/2014,11:15:00,174.7
03/06/2014,11:20:00,173.6
03/06/2014,11:25:00,173.9
03/06/2014,11:30:00,174.3
03/06/2014,11:35:00,174.5
03/06/2014,11:40:00,174.7
03/06/2014,11:45:00,175.0
03/06/2014,11:50:00,174.8
03/06/2014,11:55:00,175.0
03/06/2014,12:00:00,175.0
03/06/2014,12:05:00,175.55
03/06/2014,12:10:00,175.2
03/06/2014,12:15:00,175.6
03/06/2014,12:20:00,176.5
03/06/2014,12:25:00,176.15
03/06/2014,12:30:00,176.1
03/06/2014,12:35:00,176.25
03/06/2014,12:40:00,176.3
03/06/2014,12:45:00,177.15
03/06/2014,12:50:00,176.5
03/06/2014,12:55:00,176.2
03/06/2014,13:00:00,176.4
03/06/2014,13:05:00,176.4
03/06/2014,13:10:00,176.25
03/06/2014,13:15:00,176.15
03/06/2014,13:20:00,176.45
03/06/2014,13:25:00,176.5
03/06/2014,13:30:00,176.45
03/06/2014,13:35:00,176.9
03/06/2014,13:40:00,176.65
03/06/2014,13:45:00,176.45
03/06/2014,13:50:00,176.15
03/06/2014,13:55:00,176.15
03/06/2014,14:00:00,175.85
03/06/2014,14:05:00,175.15
03/06/2014,14:10:00,175.05
03/06/2014,14:15:00,174.6
03/06/2014,14:20:00,174.8
03/06/2014,14:25:00,174.95
03/06/2014,14:30:00,174.9
03/06/2014,14:35:00,175.4
03/06/2014,14:40:00,175.6
03/06/2014,14:45:00,176.15
03/06/2014,14:50:00,176.85
03/06/2014,14:55:00,176.8
03/06/2014,15:00:00,177.1
03/06/2014,15:05:00,177.9
03/06/2014,15:10:00,179.45
03/06/2014,15:15:00,181.7
03/06/2014,15:20:00,181.75
03/06/2014,15:25:00,181.9
03/06/2014,15:30:00,182.5
04/06/2014,09:20:00,184.25
04/06/2014,09:25:00,183.7
04/06/2014,09:30:00,184.4
04/06/2014,09:35:00,184.85
04/06/2014,09:40:00,185.25
04/06/2014,09:45:00,185.65
04/06/2014,09:50:00,185.4
04/06/2014,09:55:00,185.55
04/06/2014,10:00:00,186.9
04/06/2014,10:05:00,186.9
04/06/2014,10:10:00,186.45
04/06/2014,10:15:00,185.7
04/06/2014,10:20:00,186.2
04/06/2014,10:25:00,185.9
04/06/2014,10:30:00,186.15
04/06/2014,10:35:00,186.5
04/06/2014,10:40:00,185.85
04/06/2014,10:45:00,185.85
04/06/2014,10:50:00,185.65
04/06/2014,10:55:00,186.95
04/06/2014,11:00:00,186.75
04/06/2014,11:05:00,186.45
04/06/2014,11:10:00,186.05
04/06/2014,11:15:00,185.8
04/06/2014,11:20:00,186.1
04/06/2014,11:25:00,186.65
04/06/2014,11:30:00,185.9
04/06/2014,11:35:00,186.0
04/06/2014,11:40:00,186.0
04/06/2014,11:45:00,185.9
04/06/2014,11:50:00,185.8
04/06/2014,11:55:00,185.65
04/06/2014,12:00:00,185.6
04/06/2014,12:05:00,185.75
04/06/2014,12:10:00,185.8
04/06/2014,12:15:00,185.85
04/06/2014,12:20:00,185.85
04/06/2014,12:25:00,185.55
04/06/2014,12:30:00,185.65
04/06/2014,12:35:00,185.6
04/06/2014,12:40:00,185.4
04/06/2014,12:45:00,184.5
04/06/2014,12:50:00,183.7
04/06/2014,12:55:00,184.7
04/06/2014,13:00:00,185.25
04/06/2014,13:05:00,185.05
04/06/2014,13:10:00,185.5
04/06/2014,13:15:00,185.55
04/06/2014,13:20:00,185.4
04/06/2014,13:25:00,185.35
04/06/2014,13:30:00,185.5
04/06/2014,13:35:00,185.9
04/06/2014,13:40:00,186.1
04/06/2014,13:45:00,185.95
04/06/2014,13:50:00,185.95
04/06/2014,13:55:00,186.0
04/06/2014,14:00:00,185.3
04/06/2014,14:05:00,185.85
04/06/2014,14:10:00,185.9
04/06/2014,14:15:00,186.05
04/06/2014,14:20:00,186.1
04/06/2014,14:25:00,186.15
04/06/2014,14:30:00,187.55
04/06/2014,14:35:00,187.95
04/06/2014,14:40:00,188.85
04/06/2014,14:45:00,188.65
04/06/2014,14:50:00,189.35
04/06/2014,14:55:00,189.85
04/06/2014,15:00:00,190.65
04/06/2014,15:05:00,191.5
04/06/2014,15:10:00,190.8
04/06/2014,15:15:00,190.1
04/06/2014,15:20:00,189.55
04/06/2014,15:25:00,189.8
04/06/2014,15:30:00,189.9
05/06/2014,09:20:00,189.5
05/06/2014,09:25:00,189.55
05/06/2014,09:30:00,191.0
05/06/2014,09:35:00,190.75
05/06/2014,09:40:00,189.35
05/06/2014,09:45:00,187.8
05/06/2014,09:50:00,186.85
05/06/2014,09:55:00,188.1
05/06/2014,10:00:00,188.3
05/06/2014,10:05:00,188.4
05/06/2014,10:10:00,188.95
05/06/2014,10:15:00,189.5
05/06/2014,10:20:00,188.8
05/06/2014,10:25:00,189.5
05/06/2014,10:30:00,189.25
05/06/2014,10:35:00,189.5
05/06/2014,10:40:00,189.9
05/06/2014,10:45:00,189.6
05/06/2014,10:50:00,189.6
05/06/2014,10:55:00,189.9
05/06/2014,11:00:00,190.05
05/06/2014,11:05:00,190.15
05/06/2014,11:10:00,189.9
05/06/2014,11:15:00,189.75
05/06/2014,11:20:00,189.7
05/06/2014,11:25:00,189.8
05/06/2014,11:30:00,189.7
05/06/2014,11:35:00,190.05
05/06/2014,11:40:00,190.35
05/06/2014,11:45:00,190.35
05/06/2014,11:50:00,189.9
05/06/2014,11:55:00,189.95
05/06/2014,12:00:00,190.1
05/06/2014,12:05:00,190.75
05/06/2014,12:10:00,190.95
05/06/2014,12:15:00,191.7
05/06/2014,12:20:00,191.35
05/06/2014,12:25:00,190.8
05/06/2014,12:30:00,191.0
05/06/2014,12:35:00,191.75
05/06/2014,12:40:00,192.25
05/06/2014,12:45:00,191.3
05/06/2014,12:50:00,191.3
05/06/2014,12:55:00,190.65
05/06/2014,13:00:00,191.65
05/06/2014,13:05:00,191.0
05/06/2014,13:10:00,191.35
05/06/2014,13:15:00,190.95
05/06/2014,13:20:00,193.0
05/06/2014,13:25:00,192.35
05/06/2014,13:30:00,192.5
05/06/2014,13:35:00,192.4
05/06/2014,13:40:00,191.9
05/06/2014,13:45:00,192.0
05/06/2014,13:50:00,192.55
05/06/2014,13:55:00,192.7
05/06/2014,14:00:00,192.9
05/06/2014,14:05:00,192.95
05/06/2014,14:10:00,192.8
05/06/2014,14:15:00,192.7
05/06/2014,14:20:00,192.75
05/06/2014,14:25:00,192.65
05/06/2014,14:30:00,192.7
05/06/2014,14:35:00,192.7
05/06/2014,14:40:00,192.35
05/06/2014,14:45:00,191.8
05/06/2014,14:50:00,192.65
05/06/2014,14:55:00,192.85
05/06/2014,15:00:00,192.9
05/06/2014,15:05:00,193.45
05/06/2014,15:10:00,193.75
05/06/2014,15:15:00,193.9
05/06/2014,15:20:00,194.0
05/06/2014,15:25:00,193.35
05/06/2014,15:30:00,193.15
06/06/2014,09:20:00,194.25
06/06/2014,09:25:00,192.75
06/06/2014,09:30:00,193.65
06/06/2014,09:35:00,193.45
06/06/2014,09:40:00,193.65
06/06/2014,09:45:00,193.45
06/06/2014,09:50:00,194.05
06/06/2014,09:55:00,193.85
06/06/2014,10:00:00,193.4
06/06/2014,10:05:00,193.1
06/06/2014,10:10:00,192.7
06/06/2014,10:15:00,192.65
06/06/2014,10:20:00,192.4
06/06/2014,10:25:00,192.75
06/06/2014,10:30:00,193.1
06/06/2014,10:35:00,193.2
06/06/2014,10:40:00,193.5
06/06/2014,10:45:00,193.5
06/06/2014,10:50:00,193.5
06/06/2014,10:55:00,192.95
06/06/2014,11:00:00,192.8
06/06/2014,11:05:00,192.6
06/06/2014,11:10:00,191.1
06/06/2014,11:15:00,190.8
06/06/2014,11:20:00,190.4
06/06/2014,11:25:00,190.5
06/06/2014,11:30:00,191.3
06/06/2014,11:35:00,191.55
06/06/2014,11:40:00,191.4
06/06/2014,11:45:00,191.8
06/06/2014,11:50:00,191.35
06/06/2014,11:55:00,191.3
06/06/2014,12:00:00,191.3
06/06/2014,12:05:00,191.1
06/06/2014,12:10:00,190.75
06/06/2014,12:15:00,190.75
06/06/2014,12:20:00,190.3
06/06/2014,12:25:00,190.65
06/06/2014,12:30:00,190.8
06/06/2014,12:35:00,191.6
06/06/2014,12:40:00,191.8
06/06/2014,12:45:00,191.4
06/06/2014,12:50:00,191.2
06/06/2014,12:55:00,191.45
06/06/2014,13:00:00,191.35
06/06/2014,13:05:00,191.05
06/06/2014,13:10:00,190.7
06/06/2014,13:15:00,190.85
06/06/2014,13:20:00,191.6
06/06/2014,13:25:00,191.5
06/06/2014,13:30:00,191.2
06/06/2014,13:35:00,190.85
06/06/2014,13:40:00,190.6
06/06/2014,13:45:00,190.0
06/06/2014,13:50:00,190.0
06/06/2014,13:55:00,190.0
06/06/2014,14:00:00,190.1
06/06/2014,14:05:00,190.45
06/06/2014,14:10:00,190.15
06/06/2014,14:15:00,190.65
06/06/2014,14:20:00,190.65
06/06/2014,14:25:00,190.5
06/06/2014,14:30:00,190.8
06/06/2014,14:35:00,190.75
06/06/2014,14:40:00,190.9
06/06/2014,14:45:00,191.2
06/06/2014,14:50:00,191.15
06/06/2014,14:55:00,190.65
06/06/2014,15:00:00,190.2
06/06/2014,15:05:00,190.85
06/06/2014,15:10:00,190.8
06/06/2014,15:15:00,191.2
06/06/2014,15:20:00,190.8
06/06/2014,15:25:00,190.75
06/06/2014,15:30:00,190.9
09/06/2014,09:20:00,192.8
09/06/2014,09:25:00,193.0
09/06/2014,09:30:00,193.9
09/06/2014,09:35:00,192.85
09/06/2014,09:40:00,192.1
09/06/2014,09:45:00,192.95
09/06/2014,09:50:00,192.9
09/06/2014,09:55:00,192.6
09/06/2014,10:00:00,193.2
09/06/2014,10:05:00,192.65
09/06/2014,10:10:00,192.35
09/06/2014,10:15:00,192.1
09/06/2014,10:20:00,192.6
09/06/2014,10:25:00,192.8
09/06/2014,10:30:00,192.75
09/06/2014,10:35:00,192.95
09/06/2014,10:40:00,192.7
09/06/2014,10:45:00,192.45
09/06/2014,10:50:00,192.9
09/06/2014,10:55:00,193.0
09/06/2014,11:00:00,192.5
09/06/2014,11:05:00,192.7
09/06/2014,11:10:00,192.7
09/06/2014,11:15:00,193.0
09/06/2014,11:20:00,192.65
09/06/2014,11:25:00,192.65
09/06/2014,11:30:00,192.8
09/06/2014,11:35:00,193.0
09/06/2014,11:40:00,193.0
09/06/2014,11:45:00,192.95
09/06/2014,11:50:00,193.1
09/06/2014,11:55:00,191.9
09/06/2014,12:00:00,190.95
09/06/2014,12:05:00,190.5
09/06/2014,12:10:00,190.65
09/06/2014,12:15:00,190.8
09/06/2014,12:20:00,190.6
09/06/2014,12:25:00,190.5
09/06/2014,12:30:00,190.35
09/06/2014,12:35:00,189.6
09/06/2014,12:40:00,189.9
09/06/2014,12:45:00,190.25
09/06/2014,12:50:00,190.85
09/06/2014,12:55:00,190.8
09/06/2014,13:00:00,191.0
09/06/2014,13:05:00,191.1
09/06/2014,13:10:00,191.65
09/06/2014,13:15:00,191.35
09/06/2014,13:20:00,191.4
09/06/2014,13:25:00,191.05
09/06/2014,13:30:00,191.05
09/06/2014,13:35:00,191.3
09/06/2014,13:40:00,190.95
09/06/2014,13:45:00,191.05
09/06/2014,13:50:00,191.1
09/06/2014,13:55:00,190.85
09/06/2014,14:00:00,191.15
09/06/2014,14:05:00,191.05
09/06/2014,14:10:00,190.6
09/06/2014,14:15:00,190.85
09/06/2014,14:20:00,190.75
09/06/2014,14:25:00,190.5
09/06/2014,14:30:00,190.4
09/06/2014,14:35:00,190.8
09/06/2014,14:40:00,190.7
09/06/2014,14:45:00,191.55
09/06/2014,14:50:00,191.7
09/06/2014,14:55:00,191.45
09/06/2014,15:00:00,191.1
09/06/2014,15:05:00,191.45
09/06/2014,15:10:00,191.65
09/06/2014,15:15:00,191.5
09/06/2014,15:20:00,190.5
09/06/2014,15:25:00,191.6
09/06/2014,15:30:00,191.0
10/06/2014,09:20:00,189.25
10/06/2014,09:25:00,189.85
10/06/2014,09:30:00,189.8
10/06/2014,09:35:00,189.35
10/06/2014,09:40:00,187.6
10/06/2014,09:45:00,186.85
10/06/2014,09:50:00,187.45
10/06/2014,09:55:00,188.1
10/06/2014,10:00:00,188.2
10/06/2014,10:05:00,188.55
10/06/2014,10:10:00,188.5
10/06/2014,10:15:00,188.35
10/06/2014,10:20:00,188.15
10/06/2014,10:25:00,187.7
10/06/2014,10:30:00,188.1
10/06/2014,10:35:00,187.55
10/06/2014,10:40:00,187.8
10/06/2014,10:45:00,187.4
10/06/2014,10:50:00,187.6
10/06/2014,10:55:00,187.65
10/06/2014,11:00:00,187.55
10/06/2014,11:05:00,187.95
10/06/2014,11:10:00,187.8
10/06/2014,11:15:00,188.2
10/06/2014,11:20:00,188.45
10/06/2014,11:25:00,187.75
10/06/2014,11:30:00,188.0
10/06/2014,11:35:00,187.7
10/06/2014,11:40:00,188.1
10/06/2014,11:45:00,187.85
10/06/2014,11:50:00,187.8
10/06/2014,11:55:00,188.0
10/06/2014,12:00:00,188.35
10/06/2014,12:05:00,188.4
10/06/2014,12:10:00,188.85
10/06/2014,12:15:00,187.9
10/06/2014,12:20:00,187.9
10/06/2014,12:25:00,188.2
10/06/2014,12:30:00,187.95
10/06/2014,12:35:00,188.05
10/06/2014,12:40:00,188.35
10/06/2014,12:45:00,188.5
10/06/2014,12:50:00,188.9
10/06/2014,12:55:00,188.75
10/06/2014,13:00:00,188.4
10/06/2014,13:05:00,188.95
10/06/2014,13:10:00,188.85
10/06/2014,13:15:00,188.45
10/06/2014,13:20:00,188.75
10/06/2014,13:25:00,187.8
10/06/2014,13:30:00,188.5
10/06/2014,13:35:00,188.75
10/06/2014,13:40:00,188.25
10/06/2014,13:45:00,188.7
10/06/2014,13:50:00,188.6
10/06/2014,13:55:00,188.7
10/06/2014,14:00:00,188.8
10/06/2014,14:05:00,188.6
10/06/2014,14:10:00,188.8
10/06/2014,14:15:00,189.35
10/06/2014,14:20:00,189.65
10/06/2014,14:25:00,189.45
10/06/2014,14:30:00,189.45
10/06/2014,14:35:00,189.15
10/06/2014,14:40:00,189.1
10/06/2014,14:45:00,189.6
10/06/2014,14:50:00,189.7
10/06/2014,14:55:00,189.8
10/06/2014,15:00:00,189.65
10/06/2014,15:05:00,190.0
10/06/2014,15:10:00,189.95
10/06/2014,15:15:00,189.55
10/06/2014,15:20:00,189.2
10/06/2014,15:25:00,189.5
10/06/2014,15:30:00,189.2
11/06/2014,09:20:00,190.15
11/06/2014,09:25:00,189.5
11/06/2014,09:30:00,189.5
11/06/2014,09:35:00,189.3
11/06/2014,09:40:00,188.5
11/06/2014,09:45:00,188.95
11/06/2014,09:50:00,188.15
11/06/2014,09:55:00,188.2
11/06/2014,10:00:00,187.85
11/06/2014,10:05:00,187.5
11/06/2014,10:10:00,187.25
11/06/2014,10:15:00,186.85
11/06/2014,10:20:00,187.1
11/06/2014,10:25:00,187.05
11/06/2014,10:30:00,187.15
11/06/2014,10:35:00,187.15
11/06/2014,10:40:00,187.8
11/06/2014,10:45:00,187.65
11/06/2014,10:50:00,187.4
11/06/2014,10:55:00,187.75
11/06/2014,11:00:00,188.15
11/06/2014,11:05:00,187.9
11/06/2014,11:10:00,187.85
11/06/2014,11:15:00,187.5
11/06/2014,11:20:00,187.05
11/06/2014,11:25:00,186.75
11/06/2014,11:30:00,186.3
11/06/2014,11:35:00,186.4
11/06/2014,11:40:00,186.4
11/06/2014,11:45:00,186.1
11/06/2014,11:50:00,185.6
11/06/2014,11:55:00,185.35
11/06/2014,12:00:00,185.1
11/06/2014,12:05:00,185.5
11/06/2014,12:10:00,185.2
11/06/2014,12:15:00,184.5
11/06/2014,12:20:00,184.5
11/06/2014,12:25:00,184.5
11/06/2014,12:30:00,184.45
11/06/2014,12:35:00,184.9
11/06/2014,12:40:00,185.1
11/06/2014,12:45:00,184.7
11/06/2014,12:50:00,184.6
11/06/2014,12:55:00,184.85
11/06/2014,13:00:00,184.65
11/06/2014,13:05:00,184.95
11/06/2014,13:10:00,184.3
11/06/2014,13:15:00,183.6
11/06/2014,13:20:00,183.3
11/06/2014,13:25:00,182.7
11/06/2014,13:30:00,181.35
11/06/2014,13:35:00,181.6
11/06/2014,13:40:00,181.1
11/06/2014,13:45:00,181.4
11/06/2014,13:50:00,181.8
11/06/2014,13:55:00,182.65
11/06/2014,14:00:00,182.65
11/06/2014,14:05:00,183.15
11/06/2014,14:10:00,183.25
11/06/2014,14:15:00,183.4
11/06/2014,14:20:00,183.35
11/06/2014,14:25:00,183.1
11/06/2014,14:30:00,183.7
11/06/2014,14:35:00,183.95
11/06/2014,14:40:00,183.95
11/06/2014,14:45:00,184.0
11/06/2014,14:50:00,184.7
11/06/2014,14:55:00,183.65
11/06/2014,15:00:00,183.3
11/06/2014,15:05:00,183.45
11/06/2014,15:10:00,182.9
11/06/2014,15:15:00,182.05
11/06/2014,15:20:00,182.0
11/06/2014,15:25:00,181.65
11/06/2014,15:30:00,182.5
12/06/2014,09:20:00,181.3
12/06/2014,09:25:00,179.4
12/06/2014,09:30:00,180.25
12/06/2014,09:35:00,180.2
12/06/2014,09:40:00,181.65
12/06/2014,09:45:00,181.25
12/06/2014,09:50:00,183.9
12/06/2014,09:55:00,183.1
12/06/2014,10:00:00,183.35
12/06/2014,10:05:00,184.1
12/06/2014,10:10:00,184.45
12/06/2014,10:15:00,184.05
12/06/2014,10:20:00,183.55
12/06/2014,10:25:00,184.0
12/06/2014,10:30:00,183.95
12/06/2014,10:35:00,184.55
12/06/2014,10:40:00,184.1
12/06/2014,10:45:00,184.1
12/06/2014,10:50:00,184.4
12/06/2014,10:55:00,184.5
12/06/2014,11:00:00,184.8
12/06/2014,11:05:00,186.0
12/06/2014,11:10:00,185.7
12/06/2014,11:15:00,185.9
12/06/2014,11:20:00,185.85
12/06/2014,11:25:00,185.7
12/06/2014,11:30:00,184.75
12/06/2014,11:35:00,184.75
12/06/2014,11:40:00,185.35
12/06/2014,11:45:00,185.55
12/06/2014,11:50:00,185.9
12/06/2014,11:55:00,185.6
12/06/2014,12:00:00,185.7
12/06/2014,12:05:00,185.65
12/06/2014,12:10:00,185.55
12/06/2014,12:15:00,185.4
12/06/2014,12:20:00,185.4
12/06/2014,12:25:00,185.5
12/06/2014,12:30:00,186.55
12/06/2014,12:35:00,186.05
12/06/2014,12:40:00,185.6
12/06/2014,12:45:00,185.9
12/06/2014,12:50:00,185.2
12/06/2014,12:55:00,185.4
12/06/2014,13:00:00,185.15
12/06/2014,13:05:00,184.8
12/06/2014,13:10:00,185.1
12/06/2014,13:15:00,185.2
12/06/2014,13:20:00,185.25
12/06/2014,13:25:00,185.55
12/06/2014,13:30:00,185.4
12/06/2014,13:35:00,185.25
12/06/2014,13:40:00,185.05
12/06/2014,13:45:00,185.2
12/06/2014,13:50:00,185.0
12/06/2014,13:55:00,184.9
12/06/2014,14:00:00,184.35
12/06/2014,14:05:00,184.4
12/06/2014,14:10:00,184.4
12/06/2014,14:15:00,184.15
12/06/2014,14:20:00,184.2
12/06/2014,14:25:00,184.3
12/06/2014,14:30:00,184.4
12/06/2014,14:35:00,184.15
12/06/2014,14:40:00,184.3
12/06/2014,14:45:00,184.0
12/06/2014,14:50:00,184.05
12/06/2014,14:55:00,183.9
12/06/2014,15:00:00,183.8
12/06/2014,15:05:00,184.9
12/06/2014,15:10:00,184.9
12/06/2014,15:15:00,184.7
12/06/2014,15:20:00,184.45
12/06/2014,15:25:00,184.25
12/06/2014,15:30:00,184.4
13/06/2014,09:20:00,184.55
13/06/2014,09:25:00,184.7
13/06/2014,09:30:00,185.3
13/06/2014,09:35:00,185.0
13/06/2014,09:40:00,184.7
13/06/2014,09:45:00,184.7
13/06/2014,09:50:00,185.3
13/06/2014,09:55:00,185.15
13/06/2014,10:00:00,185.05
13/06/2014,10:05:00,184.45
13/06/2014,10:10:00,183.75
13/06/2014,10:15:00,184.05
13/06/2014,10:20:00,184.45
13/06/2014,10:25:00,184.05
13/06/2014,10:30:00,184.0
13/06/2014,10:35:00,184.3
13/06/2014,10:40:00,184.1
13/06/2014,10:45:00,184.3
13/06/2014,10:50:00,184.5
13/06/2014,10:55:00,184.25
13/06/2014,11:00:00,184.7
13/06/2014,11:05:00,184.6
13/06/2014,11:10:00,184.4
13/06/2014,11:15:00,184.0
13/06/2014,11:20:00,184.2
13/06/2014,11:25:00,184.2
13/06/2014,11:30:00,184.15
13/06/2014,11:35:00,184.2
13/06/2014,11:40:00,183.75
13/06/2014,11:45:00,183.5
13/06/2014,11:50:00,182.8
13/06/2014,11:55:00,183.0
13/06/2014,12:00:00,183.05
13/06/2014,12:05:00,182.6
13/06/2014,12:10:00,182.3
13/06/2014,12:15:00,182.15
13/06/2014,12:20:00,182.15
13/06/2014,12:25:00,182.05
13/06/2014,12:30:00,181.0
13/06/2014,12:35:00,179.9
13/06/2014,12:40:00,179.65
13/06/2014,12:45:00,179.0
13/06/2014,12:50:00,177.5
13/06/2014,12:55:00,178.2
13/06/2014,13:00:00,178.85
13/06/2014,13:05:00,178.35
13/06/2014,13:10:00,179.2
13/06/2014,13:15:00,178.4
13/06/2014,13:20:00,178.45
13/06/2014,13:25:00,178.65
13/06/2014,13:30:00,178.6
13/06/2014,13:35:00,178.95
13/06/2014,13:40:00,179.05
13/06/2014,13:45:00,179.3
13/06/2014,13:50:00,178.7
13/06/2014,13:55:00,178.4
13/06/2014,14:00:00,179.3
13/06/2014,14:05:00,179.5
13/06/2014,14:10:00,177.75
13/06/2014,14:15:00,177.65
13/06/2014,14:20:00,178.0
13/06/2014,14:25:00,178.3
13/06/2014,14:30:00,178.15
13/06/2014,14:35:00,178.1
13/06/2014,14:40:00,177.3
13/06/2014,14:45:00,177.3
13/06/2014,14:50:00,177.4
13/06/2014,14:55:00,176.15
13/06/2014,15:00:00,176.75
13/06/2014,15:05:00,177.25
13/06/2014,15:10:00,177.3
13/06/2014,15:15:00,176.85
13/06/2014,15:20:00,175.45
13/06/2014,15:25:00,175.3
13/06/2014,15:30:00,175.2
16/06/2014,09:20:00,175.0
16/06/2014,09:25:00,176.7
16/06/2014,09:30:00,176.6
16/06/2014,09:35:00,176.05
16/06/2014,09:40:00,175.2
16/06/2014,09:45:00,175.7
16/06/2014,09:50:00,175.25
16/06/2014,09:55:00,174.9
16/06/2014,10:00:00,173.8
16/06/2014,10:05:00,172.75
16/06/2014,10:10:00,172.8
16/06/2014,10:15:00,172.1
16/06/2014,10:20:00,172.75
16/06/2014,10:25:00,173.0
16/06/2014,10:30:00,172.95
16/06/2014,10:35:00,173.65
16/06/2014,10:40:00,173.55
16/06/2014,10:45:00,173.75
16/06/2014,10:50:00,174.3
16/06/2014,10:55:00,174.8
16/06/2014,11:00:00,174.65
16/06/2014,11:05:00,174.9
16/06/2014,11:10:00,174.55
16/06/2014,11:15:00,174.7
16/06/2014,11:20:00,174.5
16/06/2014,11:25:00,174.95
16/06/2014,11:30:00,174.2
16/06/2014,11:35:00,175.0
16/06/2014,11:40:00,175.45
16/06/2014,11:45:00,175.35
16/06/2014,11:50:00,175.5
16/06/2014,11:55:00,175.75
16/06/2014,12:00:00,175.6
16/06/2014,12:05:00,175.65
16/06/2014,12:10:00,174.85
16/06/2014,12:15:00,174.45
16/06/2014,12:20:00,174.5
16/06/2014,12:25:00,174.2
16/06/2014,12:30:00,173.9
16/06/2014,12:35:00,174.25
16/06/2014,12:40:00,173.9
16/06/2014,12:45:00,173.95
16/06/2014,12:50:00,174.1
16/06/2014,12:55:00,174.7
16/06/2014,13:00:00,174.55
16/06/2014,13:05:00,174.25
16/06/2014,13:10:00,174.4
16/06/2014,13:15:00,174.25
16/06/2014,13:20:00,174.6
16/06/2014,13:25:00,174.8
16/06/2014,13:30:00,174.85
16/06/2014,13:35:00,175.2
16/06/2014,13:40:00,175.05
16/06/2014,13:45:00,175.0
16/06/2014,13:50:00,175.15
16/06/2014,13:55:00,175.25
16/06/2014,14:00:00,175.25
16/06/2014,14:05:00,175.95
16/06/2014,14:10:00,176.4
16/06/2014,14:15:00,177.65
16/06/2014,14:20:00,177.25
16/06/2014,14:25:00,177.55
16/06/2014,14:30:00,177.85
16/06/2014,14:35:00,177.65
16/06/2014,14:40:00,178.4
16/06/2014,14:45:00,178.25
16/06/2014,14:50:00,178.85
16/06/2014,14:55:00,179.35
16/06/2014,15:00:00,178.65
16/06/2014,15:05:00,179.45
16/06/2014,15:10:00,179.6
16/06/2014,15:15:00,178.75
16/06/2014,15:20:00,178.65
16/06/2014,15:25:00,178.45
16/06/2014,15:30:00,179.6
17/06/2014,09:20:00,178.0
17/06/2014,09:25:00,177.9
17/06/2014,09:30:00,177.95
17/06/2014,09:35:00,178.95
17/06/2014,09:40:00,179.2
17/06/2014,09:45:00,180.0
17/06/2014,09:50:00,179.9
17/06/2014,09:55:00,180.2
17/06/2014,10:00:00,179.55
17/06/2014,10:05:00,178.65
17/06/2014,10:10:00,178.25
17/06/2014,10:15:00,179.15
17/06/2014,10:20:00,178.9
17/06/2014,10:25:00,178.9
17/06/2014,10:30:00,179.05
17/06/2014,10:35:00,178.95
17/06/2014,10:40:00,179.1
17/06/2014,10:45:00,179.1
17/06/2014,10:50:00,179.0
17/06/2014,10:55:00,178.75
17/06/2014,11:00:00,178.55
17/06/2014,11:05:00,178.85
17/06/2014,11:10:00,178.3
17/06/2014,11:15:00,178.05
17/06/2014,11:20:00,178.3
17/06/2014,11:25:00,178.3
17/06/2014,11:30:00,178.4
17/06/2014,11:35:00,178.0
17/06/2014,11:40:00,177.7
17/06/2014,11:45:00,177.8
17/06/2014,11:50:00,177.55
17/06/2014,11:55:00,177.55
17/06/2014,12:00:00,177.05
17/06/2014,12:05:00,176.65
17/06/2014,12:10:00,176.65
17/06/2014,12:15:00,176.8
17/06/2014,12:20:00,176.2
17/06/2014,12:25:00,175.8
17/06/2014,12:30:00,176.15
17/06/2014,12:35:00,176.3
17/06/2014,12:40:00,176.3
17/06/2014,12:45:00,176.35
17/06/2014,12:50:00,176.05
17/06/2014,12:55:00,176.1
17/06/2014,13:00:00,176.3
17/06/2014,13:05:00,176.45
17/06/2014,13:10:00,176.3
17/06/2014,13:15:00,176.5
17/06/2014,13:20:00,176.4
17/06/2014,13:25:00,176.35
17/06/2014,13:30:00,175.8
17/06/2014,13:35:00,175.0
17/06/2014,13:40:00,175.6
17/06/2014,13:45:00,176.0
17/06/2014,13:50:00,175.7
17/06/2014,13:55:00,175.75
17/06/2014,14:00:00,175.5
17/06/2014,14:05:00,175.5
17/06/2014,14:10:00,175.6
17/06/2014,14:15:00,176.35
17/06/2014,14:20:00,176.5
17/06/2014,14:25:00,177.3
17/06/2014,14:30:00,178.0
17/06/2014,14:35:00,178.6
17/06/2014,14:40:00,179.1
17/06/2014,14:45:00,179.2
17/06/2014,14:50:00,179.4
17/06/2014,14:55:00,179.15
17/06/2014,15:00:00,180.7
17/06/2014,15:05:00,179.9
17/06/2014,15:10:00,178.8
17/06/2014,15:15:00,179.0
17/06/2014,15:20:00,179.0
17/06/2014,15:25:00,178.95
17/06/2014,15:30:00,179.5
18/06/2014,09:20:00,177.8
18/06/2014,09:25:00,180.75
18/06/2014,09:30:00,179.9
18/06/2014,09:35:00,179.65
18/06/2014,09:40:00,180.7
18/06/2014,09:45:00,180.7
18/06/2014,09:50:00,181.45
18/06/2014,09:55:00,181.2
18/06/2014,10:00:00,181.15
18/06/2014,10:05:00,180.85
18/06/2014,10:10:00,180.05
18/06/2014,10:15:00,180.1
18/06/2014,10:20:00,180.15
18/06/2014,10:25:00,179.85
18/06/2014,10:30:00,180.0
18/06/2014,10:35:00,179.8
18/06/2014,10:40:00,179.65
18/06/2014,10:45:00,180.15
18/06/2014,10:50:00,179.95
18/06/2014,10:55:00,179.1
18/06/2014,11:00:00,179.0
18/06/2014,11:05:00,178.6
18/06/2014,11:10:00,179.0
18/06/2014,11:15:00,178.8
18/06/2014,11:20:00,178.95
18/06/2014,11:25:00,178.95
18/06/2014,11:30:00,179.0
18/06/2014,11:35:00,178.85
18/06/2014,11:40:00,178.9
18/06/2014,11:45:00,179.1
18/06/2014,11:50:00,178.75
18/06/2014,11:55:00,178.2
18/06/2014,12:00:00,178.1
18/06/2014,12:05:00,178.05
18/06/2014,12:10:00,178.05
18/06/2014,12:15:00,178.1
18/06/2014,12:20:00,177.75
18/06/2014,12:25:00,176.8
18/06/2014,12:30:00,176.0
18/06/2014,12:35:00,175.15
18/06/2014,12:40:00,174.8
18/06/2014,12:45:00,175.75
18/06/2014,12:50:00,174.25
18/06/2014,12:55:00,174.75
18/06/2014,13:00:00,174.8
18/06/2014,13:05:00,175.15
18/06/2014,13:10:00,174.7
18/06/2014,13:15:00,174.7
18/06/2014,13:20:00,174.65
18/06/2014,13:25:00,174.6
18/06/2014,13:30:00,174.35
18/06/2014,13:35:00,174.45
18/06/2014,13:40:00,174.45
18/06/2014,13:45:00,174.65
18/06/2014,13:50:00,174.8
18/06/2014,13:55:00,174.65
18/06/2014,14:00:00,174.6
18/06/2014,14:05:00,174.7
18/06/2014,14:10:00,175.0
18/06/2014,14:15:00,175.4
18/06/2014,14:20:00,175.35
18/06/2014,14:25:00,175.35
18/06/2014,14:30:00,175.5
18/06/2014,14:35:00,175.6
18/06/2014,14:40:00,175.2
18/06/2014,14:45:00,175.55
18/06/2014,14:50:00,176.0
18/06/2014,14:55:00,175.85
18/06/2014,15:00:00,175.8
18/06/2014,15:05:00,175.05
18/06/2014,15:10:00,175.15
18/06/2014,15:15:00,175.0
18/06/2014,15:20:00,174.3
18/06/2014,15:25:00,174.25
18/06/2014,15:30:00,174.0
19/06/2014,09:20:00,176.6
19/06/2014,09:25:00,176.15
19/06/2014,09:30:00,176.5
19/06/2014,09:35:00,176.15
19/06/2014,09:40:00,176.15
19/06/2014,09:45:00,176.5
19/06/2014,09:50:00,176.2
19/06/2014,09:55:00,175.7
19/06/2014,10:00:00,175.15
19/06/2014,10:05:00,175.05
19/06/2014,10:10:00,174.9
19/06/2014,10:15:00,175.15
19/06/2014,10:20:00,174.9
19/06/2014,10:25:00,174.8
19/06/2014,10:30:00,174.9
19/06/2014,10:35:00,174.35
19/06/2014,10:40:00,174.6
19/06/2014,10:45:00,174.9
19/06/2014,10:50:00,174.6
19/06/2014,10:55:00,175.0
19/06/2014,11:00:00,174.75
19/06/2014,11:05:00,175.05
19/06/2014,11:10:00,175.1
19/06/2014,11:15:00,175.3
19/06/2014,11:20:00,175.35
19/06/2014,11:25:00,175.15
19/06/2014,11:30:00,175.2
19/06/2014,11:35:00,174.8
19/06/2014,11:40:00,174.8
19/06/2014,11:45:00,174.8
19/06/2014,11:50:00,174.55
19/06/2014,11:55:00,174.45
19/06/2014,12:00:00,174.5
19/06/2014,12:05:00,174.0
19/06/2014,12:10:00,174.05
19/06/2014,12:15:00,173.2
19/06/2014,12:20:00,173.35
19/06/2014,12:25:00,173.4
19/06/2014,12:30:00,173.45
19/06/2014,12:35:00,173.6
19/06/2014,12:40:00,173.6
19/06/2014,12:45:00,173.5
19/06/2014,12:50:00,173.0
19/06/2014,12:55:00,172.8
19/06/2014,13:00:00,172.35
19/06/2014,13:05:00,172.15
19/06/2014,13:10:00,172.45
19/06/2014,13:15:00,172.65
19/06/2014,13:20:00,172.6
19/06/2014,13:25:00,173.15
19/06/2014,13:30:00,173.35
19/06/2014,13:35:00,173.95
19/06/2014,13:40:00,173.9
19/06/2014,13:45:00,174.1
19/06/2014,13:50:00,173.9
19/06/2014,13:55:00,174.3
19/06/2014,14:00:00,173.9
19/06/2014,14:05:00,174.6
19/06/2014,14:10:00,174.5
19/06/2014,14:15:00,174.5
19/06/2014,14:20:00,174.85
19/06/2014,14:25:00,173.85
19/06/2014,14:30:00,173.95
19/06/2014,14:35:00,174.0
19/06/2014,14:40:00,175.4
19/06/2014,14:45:00,175.05
19/06/2014,14:50:00,175.1
19/06/2014,14:55:00,175.35
19/06/2014,15:00:00,175.8
19/06/2014,15:05:00,176.3
19/06/2014,15:10:00,177.15
19/06/2014,15:15:00,176.55
19/06/2014,15:20:00,176.95
19/06/2014,15:25:00,177.4
19/06/2014,15:30:00,176.4
20/06/2014,09:20:00,176.4
20/06/2014,09:25:00,176.9
20/06/2014,09:30:00,177.35
20/06/2014,09:35:00,177.5
20/06/2014,09:40:00,177.35
20/06/2014,09:45:00,177.05
20/06/2014,09:50:00,177.3
20/06/2014,09:55:00,177.0
20/06/2014,10:00:00,176.9
20/06/2014,10:05:00,177.4
20/06/2014,10:10:00,176.95
20/06/2014,10:15:00,176.6
20/06/2014,10:20:00,176.05
20/06/2014,10:25:00,176.75
20/06/2014,10:30:00,176.65
20/06/2014,10:35:00,175.85
20/06/2014,10:40:00,176.15
20/06/2014,10:45:00,175.65
20/06/2014,10:50:00,175.9
20/06/2014,10:55:00,176.0
20/06/2014,11:00:00,175.9
20/06/2014,11:05:00,176.4
20/06/2014,11:10:00,176.3
20/06/2014,11:15:00,176.4
20/06/2014,11:20:00,176.45
20/06/2014,11:25:00,176.3
20/06/2014,11:30:00,176.5
20/06/2014,11:35:00,176.8
20/06/2014,11:40:00,176.85
20/06/2014,11:45:00,176.9
20/06/2014,11:50:00,176.8
20/06/2014,11:55:00,176.95
20/06/2014,12:00:00,176.45
20/06/2014,12:05:00,176.4
20/06/2014,12:10:00,176.45
20/06/2014,12:15:00,176.4
20/06/2014,12:20:00,176.25
20/06/2014,12:25:00,176.35
20/06/2014,12:30:00,176.3
20/06/2014,12:35:00,176.4
20/06/2014,12:40:00,176.65
20/06/2014,12:45:00,176.9
20/06/2014,12:50:00,177.4
20/06/2014,12:55:00,176.45
20/06/2014,13:00:00,176.65
20/06/2014,13:05:00,176.65
20/06/2014,13:10:00,176.7
20/06/2014,13:15:00,176.9
20/06/2014,13:20:00,177.2
20/06/2014,13:25:00,176.8
20/06/2014,13:30:00,176.95
20/06/2014,13:35:00,176.95
20/06/2014,13:40:00,177.0
20/06/2014,13:45:00,176.85
20/06/2014,13:50:00,177.0
20/06/2014,13:55:00,176.75
20/06/2014,14:00:00,176.4
20/06/2014,14:05:00,176.35
20/06/2014,14:10:00,176.35
20/06/2014,14:15:00,176.3
20/06/2014,14:20:00,176.2
20/06/2014,14:25:00,176.7
20/06/2014,14:30:00,176.5
20/06/2014,14:35:00,176.4
20/06/2014,14:40:00,176.35
20/06/2014,14:45:00,176.1
20/06/2014,14:50:00,175.7
20/06/2014,14:55:00,175.05
20/06/2014,15:00:00,174.15
20/06/2014,15:05:00,173.65
20/06/2014,15:10:00,173.8
20/06/2014,15:15:00,173.3
20/06/2014,15:20:00,174.0
20/06/2014,15:25:00,173.3
20/06/2014,15:30:00,173.65
23/06/2014,09:20:00,174.7
23/06/2014,09:25:00,174.25
23/06/2014,09:30:00,173.7
23/06/2014,09:35:00,174.0
23/06/2014,09:40:00,173.85
23/06/2014,09:45:00,175.2
23/06/2014,09:50:00,175.3
23/06/2014,09:55:00,174.9
23/06/2014,10:00:00,176.0
23/06/2014,10:05:00,175.5
23/06/2014,10:10:00,174.95
23/06/2014,10:15:00,175.0
23/06/2014,10:20:00,175.15
23/06/2014,10:25:00,175.3
23/06/2014,10:30:00,174.7
23/06/2014,10:35:00,175.1
23/06/2014,10:40:00,175.3
23/06/2014,10:45:00,176.0
23/06/2014,10:50:00,176.0
23/06/2014,10:55:00,176.2
23/06/2014,11:00:00,176.2
23/06/2014,11:05:00,176.25
23/06/2014,11:10:00,176.0
23/06/2014,11:15:00,175.85
23/06/2014,11:20:00,175.8
23/06/2014,11:25:00,176.15
23/06/2014,11:30:00,175.6
23/06/2014,11:35:00,175.6
23/06/2014,11:40:00,175.65
23/06/2014,11:45:00,175.6
23/06/2014,11:50:00,175.4
23/06/2014,11:55:00,175.4
23/06/2014,12:00:00,175.4
23/06/2014,12:05:00,175.4
23/06/2014,12:10:00,175.2
23/06/2014,12:15:00,174.9
23/06/2014,12:20:00,174.75
23/06/2014,12:25:00,174.65
23/06/2014,12:30:00,174.7
23/06/2014,12:35:00,174.75
23/06/2014,12:40:00,174.9
23/06/2014,12:45:00,175.15
23/06/2014,12:50:00,174.4
23/06/2014,12:55:00,174.55
23/06/2014,13:00:00,174.55
23/06/2014,13:05:00,173.9
23/06/2014,13:10:00,174.25
23/06/2014,13:15:00,175.15
23/06/2014,13:20:00,174.7
23/06/2014,13:25:00,175.2
23/06/2014,13:30:00,175.15
23/06/2014,13:35:00,175.0
23/06/2014,13:40:00,174.75
23/06/2014,13:45:00,174.7
23/06/2014,13:50:00,174.8
23/06/2014,13:55:00,175.3
23/06/2014,14:00:00,175.5
23/06/2014,14:05:00,175.3
23/06/2014,14:10:00,174.8
23/06/2014,14:15:00,174.95
23/06/2014,14:20:00,175.2
23/06/2014,14:25:00,174.8
23/06/2014,14:30:00,174.9
23/06/2014,14:35:00,175.4
23/06/2014,14:40:00,174.8
23/06/2014,14:45:00,174.9
23/06/2014,14:50:00,174.6
23/06/2014,14:55:00,174.25
23/06/2014,15:00:00,174.5
23/06/2014,15:05:00,175.0
23/06/2014,15:10:00,174.9
23/06/2014,15:15:00,175.0
23/06/2014,15:20:00,174.95
23/06/2014,15:25:00,175.0
23/06/2014,15:30:00,174.95
24/06/2014,09:20:00,176.95
24/06/2014,09:25:00,176.8
24/06/2014,09:30:00,176.4
24/06/2014,09:35:00,177.05
24/06/2014,09:40:00,177.15
24/06/2014,09:45:00,177.4
24/06/2014,09:50:00,177.8
24/06/2014,09:55:00,177.7
24/06/2014,10:00:00,177.45
24/06/2014,10:05:00,177.4
24/06/2014,10:10:00,177.8
24/06/2014,10:15:00,177.8
24/06/2014,10:20:00,177.65
24/06/2014,10:25:00,177.85
24/06/2014,10:30:00,179.5
24/06/2014,10:35:00,180.5
24/06/2014,10:40:00,179.9
24/06/2014,10:45:00,179.9
24/06/2014,10:50:00,179.6
24/06/2014,10:55:00,180.0
24/06/2014,11:00:00,180.2
24/06/2014,11:05:00,180.25
24/06/2014,11:10:00,180.25
24/06/2014,11:15:00,180.3
24/06/2014,11:20:00,180.2
24/06/2014,11:25:00,180.4
24/06/2014,11:30:00,180.7
24/06/2014,11:35:00,181.15
24/06/2014,11:40:00,181.6
24/06/2014,11:45:00,181.4
24/06/2014,11:50:00,181.0
24/06/2014,11:55:00,181.0
24/06/2014,12:00:00,180.8
24/06/2014,12:05:00,180.5
24/06/2014,12:10:00,180.35
24/06/2014,12:15:00,180.45
24/06/2014,12:20:00,180.15
24/06/2014,12:25:00,180.3
24/06/2014,12:30:00,180.35
24/06/2014,12:35:00,180.55
24/06/2014,12:40:00,180.65
24/06/2014,12:45:00,180.6
24/06/2014,12:50:00,180.7
24/06/2014,12:55:00,180.65
24/06/2014,13:00:00,180.1
24/06/2014,13:05:00,180.5
24/06/2014,13:10:00,180.5
24/06/2014,13:15:00,180.5
24/06/2014,13:20:00,180.9
24/06/2014,13:25:00,180.7
24/06/2014,13:30:00,181.0
24/06/2014,13:35:00,181.1
24/06/2014,13:40:00,181.35
24/06/2014,13:45:00,181.5
24/06/2014,13:50:00,180.8
24/06/2014,13:55:00,180.95
24/06/2014,14:00:00,181.0
24/06/2014,14:05:00,181.0
24/06/2014,14:10:00,180.6
24/06/2014,14:15:00,180.5
24/06/2014,14:20:00,180.5
24/06/2014,14:25:00,180.5
24/06/2014,14:30:00,180.4
24/06/2014,14:35:00,180.4
24/06/2014,14:40:00,179.2
24/06/2014,14:45:00,179.05
24/06/2014,14:50:00,179.75
24/06/2014,14:55:00,179.65
24/06/2014,15:00:00,179.45
24/06/2014,15:05:00,180.2
24/06/2014,15:10:00,180.65
24/06/2014,15:15:00,180.75
24/06/2014,15:20:00,181.05
24/06/2014,15:25:00,180.9
24/06/2014,15:30:00,180.65
25/06/2014,09:20:00,182.4
25/06/2014,09:25:00,182.45
25/06/2014,09:30:00,182.05
25/06/2014,09:35:00,182.1
25/06/2014,09:40:00,182.0
25/06/2014,09:45:00,181.9
25/06/2014,09:50:00,181.6
25/06/2014,09:55:00,182.0
25/06/2014,10:00:00,182.1
25/06/2014,10:05:00,182.15
25/06/2014,10:10:00,182.2
25/06/2014,10:15:00,182.2
25/06/2014,10:20:00,182.35
25/06/2014,10:25:00,182.35
25/06/2014,10:30:00,182.5
25/06/2014,10:35:00,182.4
25/06/2014,10:40:00,181.9
25/06/2014,10:45:00,181.9
25/06/2014,10:50:00,182.15
25/06/2014,10:55:00,182.1
25/06/2014,11:00:00,182.15
25/06/2014,11:05:00,182.1
25/06/2014,11:10:00,182.0
25/06/2014,11:15:00,181.65
25/06/2014,11:20:00,181.7
25/06/2014,11:25:00,181.5
25/06/2014,11:30:00,181.5
25/06/2014,11:35:00,181.65
25/06/2014,11:40:00,181.85
25/06/2014,11:45:00,181.75
25/06/2014,11:50:00,182.0
25/06/2014,11:55:00,182.1
25/06/2014,12:00:00,182.5
25/06/2014,12:05:00,182.15
25/06/2014,12:10:00,181.7
25/06/2014,12:15:00,181.8
25/06/2014,12:20:00,181.6
25/06/2014,12:25:00,181.6
25/06/2014,12:30:00,181.9
25/06/2014,12:35:00,181.85
25/06/2014,12:40:00,181.85
25/06/2014,12:45:00,181.6
25/06/2014,12:50:00,181.7
25/06/2014,12:55:00,181.95
25/06/2014,13:00:00,181.7
25/06/2014,13:05:00,181.4
25/06/2014,13:10:00,181.5
25/06/2014,13:15:00,181.5
25/06/2014,13:20:00,181.4
25/06/2014,13:25:00,181.65
25/06/2014,13:30:00,181.75
25/06/2014,13:35:00,181.4
25/06/2014,13:40:00,181.6
25/06/2014,13:45:00,181.65
25/06/2014,13:50:00,181.85
25/06/2014,13:55:00,181.7
25/06/2014,14:00:00,181.6
25/06/2014,14:05:00,181.75
25/06/2014,14:10:00,181.65
25/06/2014,14:15:00,180.95
25/06/2014,14:20:00,181.15
25/06/2014,14:25:00,181.3
25/06/2014,14:30:00,181.3
25/06/2014,14:35:00,181.4
25/06/2014,14:40:00,181.45
25/06/2014,14:45:00,181.35
25/06/2014,14:50:00,181.45
25/06/2014,14:55:00,181.5
25/06/2014,15:00:00,181.4
25/06/2014,15:05:00,181.1
25/06/2014,15:10:00,181.35
25/06/2014,15:15:00,181.35
25/06/2014,15:20:00,181.1
25/06/2014,15:25:00,180.85
25/06/2014,15:30:00,180.4
26/06/2014,09:20:00,181.65
26/06/2014,09:25:00,182.0
26/06/2014,09:30:00,182.6
26/06/2014,09:35:00,182.7
26/06/2014,09:40:00,184.5
26/06/2014,09:45:00,182.65
26/06/2014,09:50:00,182.8
26/06/2014,09:55:00,183.05
26/06/2014,10:00:00,183.05
26/06/2014,10:05:00,183.35
26/06/2014,10:10:00,183.3
26/06/2014,10:15:00,183.6
26/06/2014,10:20:00,183.9
26/06/2014,10:25:00,184.05
26/06/2014,10:30:00,184.0
26/06/2014,10:35:00,183.8
26/06/2014,10:40:00,183.5
26/06/2014,10:45:00,183.85
26/06/2014,10:50:00,184.0
26/06/2014,10:55:00,183.9
26/06/2014,11:00:00,183.8
26/06/2014,11:05:00,183.65
26/06/2014,11:10:00,183.5
26/06/2014,11:15:00,183.5
26/06/2014,11:20:00,183.5
26/06/2014,11:25:00,183.0
26/06/2014,11:30:00,182.75
26/06/2014,11:35:00,182.5
26/06/2014,11:40:00,182.25
26/06/2014,11:45:00,182.4
26/06/2014,11:50:00,182.35
26/06/2014,11:55:00,182.5
26/06/2014,12:00:00,182.55
26/06/2014,12:05:00,182.35
26/06/2014,12:10:00,182.05
26/06/2014,12:15:00,181.7
26/06/2014,12:20:00,182.0
26/06/2014,12:25:00,182.4
26/06/2014,12:30:00,182.35
26/06/2014,12:35:00,182.5
26/06/2014,12:40:00,182.35
26/06/2014,12:45:00,182.45
26/06/2014,12:50:00,182.2
26/06/2014,12:55:00,182.4
26/06/2014,13:00:00,182.35
26/06/2014,13:05:00,182.2
26/06/2014,13:10:00,182.4
26/06/2014,13:15:00,181.85
26/06/2014,13:20:00,182.15
26/06/2014,13:25:00,182.1
26/06/2014,13:30:00,181.85
26/06/2014,13:35:00,181.7
26/06/2014,13:40:00,181.95
26/06/2014,13:45:00,182.1
26/06/2014,13:50:00,182.0
26/06/2014,13:55:00,181.55
26/06/2014,14:00:00,181.4
26/06/2014,14:05:00,180.9
26/06/2014,14:10:00,181.65
26/06/2014,14:15:00,181.55
26/06/2014,14:20:00,181.45
26/06/2014,14:25:00,181.75
26/06/2014,14:30:00,181.75
26/06/2014,14:35:00,181.65
26/06/2014,14:40:00,182.1
26/06/2014,14:45:00,182.55
26/06/2014,14:50:00,182.4
26/06/2014,14:55:00,182.35
26/06/2014,15:00:00,182.3
26/06/2014,15:05:00,181.45
26/06/2014,15:10:00,181.6
26/06/2014,15:15:00,180.8
26/06/2014,15:20:00,180.75
26/06/2014,15:25:00,180.65
26/06/2014,15:30:00,180.75
27/06/2014,09:20:00,182.15
27/06/2014,09:25:00,182.35
27/06/2014,09:30:00,182.25
27/06/2014,09:35:00,182.1
27/06/2014,09:40:00,182.25
27/06/2014,09:45:00,182.65
27/06/2014,09:50:00,182.3
27/06/2014,09:55:00,182.35
27/06/2014,10:00:00,182.0
27/06/2014,10:05:00,181.5
27/06/2014,10:10:00,182.25
27/06/2014,10:15:00,181.9
27/06/2014,10:20:00,180.8
27/06/2014,10:25:00,181.25
27/06/2014,10:30:00,181.3
27/06/2014,10:35:00,181.35
27/06/2014,10:40:00,181.8
27/06/2014,10:45:00,181.7
27/06/2014,10:50:00,181.1
27/06/2014,10:55:00,181.1
27/06/2014,11:00:00,181.3
27/06/2014,11:05:00,180.95
27/06/2014,11:10:00,180.75
27/06/2014,11:15:00,180.85
27/06/2014,11:20:00,180.9
27/06/2014,11:25:00,180.75
27/06/2014,11:30:00,180.7
27/06/2014,11:35:00,180.75
27/06/2014,11:40:00,180.5
27/06/2014,11:45:00,180.45
27/06/2014,11:50:00,179.65
27/06/2014,11:55:00,179.45
27/06/2014,12:00:00,179.4
27/06/2014,12:05:00,179.5
27/06/2014,12:10:00,179.5
27/06/2014,12:15:00,179.2
27/06/2014,12:20:00,179.2
27/06/2014,12:25:00,179.05
27/06/2014,12:30:00,178.9
27/06/2014,12:35:00,178.35
27/06/2014,12:40:00,178.8
27/06/2014,12:45:00,178.7
27/06/2014,12:50:00,178.75
27/06/2014,12:55:00,178.7
27/06/2014,13:00:00,178.85
27/06/2014,13:05:00,179.0
27/06/2014,13:10:00,178.95
27/06/2014,13:15:00,178.4
27/06/2014,13:20:00,178.85
27/06/2014,13:25:00,179.2
27/06/2014,13:30:00,179.15
27/06/2014,13:35:00,179.35
27/06/2014,13:40:00,179.4
27/06/2014,13:45:00,179.05
27/06/2014,13:50:00,179.0
27/06/2014,13:55:00,179.25
27/06/2014,14:00:00,179.2
27/06/2014,14:05:00,179.35
27/06/2014,14:10:00,179.25
27/06/2014,14:15:00,179.45
27/06/2014,14:20:00,179.65
27/06/2014,14:25:00,179.5
27/06/2014,14:30:00,179.25
27/06/2014,14:35:00,179.5
27/06/2014,14:40:00,178.75
27/06/2014,14:45:00,178.4
27/06/2014,14:50:00,178.2
27/06/2014,14:55:00,178.15
27/06/2014,15:00:00,177.95
27/06/2014,15:05:00,178.9
27/06/2014,15:10:00,178.7
27/06/2014,15:15:00,178.95
27/06/2014,15:20:00,179.05
27/06/2014,15:25:00,178.85
27/06/2014,15:30:00,179.0
30/06/2014,09:20:00,179.2
30/06/2014,09:25:00,179.75
30/06/2014,09:30:00,180.3
30/06/2014,09:35:00,180.75
30/06/2014,09:40:00,180.55
30/06/2014,09:45:00,180.5
30/06/2014,09:50:00,181.2
30/06/2014,09:55:00,181.25
30/06/2014,10:00:00,181.7
30/06/2014,10:05:00,181.5
30/06/2014,10:10:00,181.55
30/06/2014,10:15:00,181.5
30/06/2014,10:20:00,181.4
30/06/2014,10:25:00,181.45
30/06/2014,10:30:00,181.45
30/06/2014,10:35:00,181.6
30/06/2014,10:40:00,181.6
30/06/2014,10:45:00,181.45
30/06/2014,10:50:00,181.55
30/06/2014,10:55:00,181.4
30/06/2014,11:00:00,181.3
30/06/2014,11:05:00,181.45
30/06/2014,11:10:00,181.55
30/06/2014,11:15:00,181.45
30/06/2014,11:20:00,181.85
30/06/2014,11:25:00,181.8
30/06/2014,11:30:00,181.8
30/06/2014,11:35:00,181.2
30/06/2014,11:40:00,181.6
30/06/2014,11:45:00,181.25
30/06/2014,11:50:00,181.8
30/06/2014,11:55:00,182.2
30/06/2014,12:00:00,182.65
30/06/2014,12:05:00,182.5
30/06/2014,12:10:00,182.6
30/06/2014,12:15:00,182.3
30/06/2014,12:20:00,182.65
30/06/2014,12:25:00,182.4
30/06/2014,12:30:00,182.35
30/06/2014,12:35:00,182.45
30/06/2014,12:40:00,182.45
30/06/2014,12:45:00,182.6
30/06/2014,12:50:00,182.7
30/06/2014,12:55:00,182.8
30/06/2014,13:00:00,182.7
30/06/2014,13:05:00,182.75
30/06/2014,13:10:00,182.85
30/06/2014,13:15:00,182.85
30/06/2014,13:20:00,182.95
30/06/2014,13:25:00,182.85
30/06/2014,13:30:00,182.8
30/06/2014,13:35:00,183.45
30/06/2014,13:40:00,183.3
30/06/2014,13:45:00,182.7
30/06/2014,13:50:00,183.0
30/06/2014,13:55:00,182.85
30/06/2014,14:00:00,183.1
30/06/2014,14:05:00,183.2
30/06/2014,14:10:00,183.2
30/06/2014,14:15:00,183.0
30/06/2014,14:20:00,183.0
30/06/2014,14:25:00,182.85
30/06/2014,14:30:00,182.9
30/06/2014,14:35:00,182.9
30/06/2014,14:40:00,182.95
30/06/2014,14:45:00,183.0
30/06/2014,14:50:00,182.9
30/06/2014,14:55:00,183.05
30/06/2014,15:00:00,182.9
30/06/2014,15:05:00,183.15
30/06/2014,15:10:00,182.95
30/06/2014,15:15:00,182.85
30/06/2014,15:20:00,182.1
30/06/2014,15:25:00,182.25
30/06/2014,15:30:00,181.5
01/07/2014,09:20:00,183.05
01/07/2014,09:25:00,182.6
01/07/2014,09:30:00,182.45
01/07/2014,09:35:00,182.15
01/07/2014,09:40:00,182.15
01/07/2014,09:45:00,183.05
01/07/2014,09:50:00,183.9
01/07/2014,09:55:00,184.45
01/07/2014,10:00:00,184.85
01/07/2014,10:05:00,185.3
01/07/2014,10:10:00,184.95
01/07/2014,10:15:00,184.3
01/07/2014,10:20:00,183.0
01/07/2014,10:25:00,182.95
01/07/2014,10:30:00,182.7
01/07/2014,10:35:00,182.45
01/07/2014,10:40:00,182.75
01/07/2014,10:45:00,183.0
01/07/2014,10:50:00,183.25
01/07/2014,10:55:00,183.45
01/07/2014,11:00:00,183.45
01/07/2014,11:05:00,183.25
01/07/2014,11:10:00,183.05
01/07/2014,11:15:00,182.65
01/07/2014,11:20:00,182.5
01/07/2014,11:25:00,182.6
01/07/2014,11:30:00,182.45
01/07/2014,11:35:00,182.5
01/07/2014,11:40:00,182.95
01/07/2014,11:45:00,182.7
01/07/2014,11:50:00,182.55
01/07/2014,11:55:00,182.8
01/07/2014,12:00:00,182.65
01/07/2014,12:05:00,182.75
01/07/2014,12:10:00,183.95
01/07/2014,12:15:00,184.05
01/07/2014,12:20:00,184.0
01/07/2014,12:25:00,183.95
01/07/2014,12:30:00,183.95
01/07/2014,12:35:00,183.85
01/07/2014,12:40:00,183.95
01/07/2014,12:45:00,183.95
01/07/2014,12:50:00,183.8
01/07/2014,12:55:00,183.9
01/07/2014,13:00:00,183.7
01/07/2014,13:05:00,183.7
01/07/2014,13:10:00,183.7
01/07/2014,13:15:00,183.65
01/07/2014,13:20:00,183.55
01/07/2014,13:25:00,184.0
01/07/2014,13:30:00,183.4
01/07/2014,13:35:00,183.25
01/07/2014,13:40:00,183.6
01/07/2014,13:45:00,183.6
01/07/2014,13:50:00,183.6
01/07/2014,13:55:00,183.55
01/07/2014,14:00:00,183.35
01/07/2014,14:05:00,183.2
01/07/2014,14:10:00,183.25
01/07/2014,14:15:00,183.3
01/07/2014,14:20:00,183.15
01/07/2014,14:25:00,182.85
01/07/2014,14:30:00,183.15
01/07/2014,14:35:00,183.55
01/07/2014,14:40:00,183.2
01/07/2014,14:45:00,183.15
01/07/2014,14:50:00,183.1
01/07/2014,14:55:00,183.1
01/07/2014,15:00:00,182.7
01/07/2014,15:05:00,183.1
01/07/2014,15:10:00,182.95
01/07/2014,15:15:00,182.75
01/07/2014,15:20:00,182.0
01/07/2014,15:25:00,183.7
01/07/2014,15:30:00,183.8
02/07/2014,09:20:00,185.85
02/07/2014,09:25:00,187.3
02/07/2014,09:30:00,187.2
02/07/2014,09:35:00,186.8
02/07/2014,09:40:00,186.2
02/07/2014,09:45:00,186.25
02/07/2014,09:50:00,186.5
02/07/2014,09:55:00,186.2
02/07/2014,10:00:00,186.65
02/07/2014,10:05:00,186.05
02/07/2014,10:10:00,186.65
02/07/2014,10:15:00,186.35
02/07/2014,10:20:00,186.15
02/07/2014,10:25:00,186.1
02/07/2014,10:30:00,186.0
02/07/2014,10:35:00,186.2
02/07/2014,10:40:00,186.15
02/07/2014,10:45:00,185.5
02/07/2014,10:50:00,185.5
02/07/2014,10:55:00,185.15
02/07/2014,11:00:00,184.85
02/07/2014,11:05:00,185.2
02/07/2014,11:10:00,185.2
02/07/2014,11:15:00,185.15
02/07/2014,11:20:00,185.25
02/07/2014,11:25:00,185.4
02/07/2014,11:30:00,185.25
02/07/2014,11:35:00,185.3
02/07/2014,11:40:00,185.4
02/07/2014,11:45:00,185.35
02/07/2014,11:50:00,185.5
02/07/2014,11:55:00,185.65
02/07/2014,12:00:00,185.6
02/07/2014,12:05:00,185.6
02/07/2014,12:10:00,185.7
02/07/2014,12:15:00,185.45
02/07/2014,12:20:00,185.4
02/07/2014,12:25:00,185.45
02/07/2014,12:30:00,185.35
02/07/2014,12:35:00,185.55
02/07/2014,12:40:00,185.3
02/07/2014,12:45:00,185.1
02/07/2014,12:50:00,185.15
02/07/2014,12:55:00,185.25
02/07/2014,13:00:00,185.3
02/07/2014,13:05:00,185.3
02/07/2014,13:10:00,185.3
02/07/2014,13:15:00,185.25
02/07/2014,13:20:00,185.35
02/07/2014,13:25:00,185.5
02/07/2014,13:30:00,185.35
02/07/2014,13:35:00,185.4
02/07/2014,13:40:00,185.75
02/07/2014,13:45:00,185.5
02/07/2014,13:50:00,185.5
02/07/2014,13:55:00,185.55
02/07/2014,14:00:00,185.15
02/07/2014,14:05:00,185.1
02/07/2014,14:10:00,185.05
02/07/2014,14:15:00,184.35
02/07/2014,14:20:00,184.75
02/07/2014,14:25:00,184.8
02/07/2014,14:30:00,185.0
02/07/2014,14:35:00,185.15
02/07/2014,14:40:00,185.25
02/07/2014,14:45:00,185.55
02/07/2014,14:50:00,185.65
02/07/2014,14:55:00,185.4
02/07/2014,15:00:00,185.5
02/07/2014,15:05:00,185.35
02/07/2014,15:10:00,184.9
02/07/2014,15:15:00,184.85
02/07/2014,15:20:00,184.9
02/07/2014,15:25:00,184.9
02/07/2014,15:30:00,184.8
03/07/2014,09:20:00,186.15
03/07/2014,09:25:00,186.1
03/07/2014,09:30:00,185.55
03/07/2014,09:35:00,185.4
03/07/2014,09:40:00,185.4
03/07/2014,09:45:00,185.25
03/07/2014,09:50:00,185.0
03/07/2014,09:55:00,184.0
03/07/2014,10:00:00,184.65
03/07/2014,10:05:00,184.85
03/07/2014,10:10:00,185.3
03/07/2014,10:15:00,185.95
03/07/2014,10:20:00,185.8
03/07/2014,10:25:00,185.65
03/07/2014,10:30:00,185.7
03/07/2014,10:35:00,185.35
03/07/2014,10:40:00,185.15
03/07/2014,10:45:00,185.0
03/07/2014,10:50:00,185.15
03/07/2014,10:55:00,185.2
03/07/2014,11:00:00,185.2
03/07/2014,11:05:00,185.15
03/07/2014,11:10:00,185.25
03/07/2014,11:15:00,185.25
03/07/2014,11:20:00,184.85
03/07/2014,11:25:00,185.15
03/07/2014,11:30:00,185.0
03/07/2014,11:35:00,184.75
03/07/2014,11:40:00,185.3
03/07/2014,11:45:00,185.25
03/07/2014,11:50:00,185.65
03/07/2014,11:55:00,185.65
03/07/2014,12:00:00,185.85
03/07/2014,12:05:00,185.75
03/07/2014,12:10:00,185.7
03/07/2014,12:15:00,185.8
03/07/2014,12:20:00,185.8
03/07/2014,12:25:00,185.8
03/07/2014,12:30:00,185.4
03/07/2014,12:35:00,185.4
03/07/2014,12:40:00,185.4
03/07/2014,12:45:00,185.35
03/07/2014,12:50:00,185.75
03/07/2014,12:55:00,185.95
03/07/2014,13:00:00,185.8
03/07/2014,13:05:00,185.8
03/07/2014,13:10:00,185.65
03/07/2014,13:15:00,185.25
03/07/2014,13:20:00,185.1
03/07/2014,13:25:00,185.4
03/07/2014,13:30:00,185.65
03/07/2014,13:35:00,185.6
03/07/2014,13:40:00,185.3
03/07/2014,13:45:00,184.9
03/07/2014,13:50:00,184.5
03/07/2014,13:55:00,184.8
03/07/2014,14:00:00,184.85
03/07/2014,14:05:00,185.1
03/07/2014,14:10:00,185.5
03/07/2014,14:15:00,185.35
03/07/2014,14:20:00,185.4
03/07/2014,14:25:00,185.55
03/07/2014,14:30:00,184.75
03/07/2014,14:35:00,184.55
03/07/2014,14:40:00,184.75
03/07/2014,14:45:00,184.5
03/07/2014,14:50:00,184.85
03/07/2014,14:55:00,185.5
03/07/2014,15:00:00,185.2
03/07/2014,15:05:00,185.3
03/07/2014,15:10:00,185.05
03/07/2014,15:15:00,185.0
03/07/2014,15:20:00,185.15
03/07/2014,15:25:00,185.8
03/07/2014,15:30:00,185.5
04/07/2014,09:20:00,186.5
04/07/2014,09:25:00,186.25
04/07/2014,09:30:00,186.2
04/07/2014,09:35:00,186.45
04/07/2014,09:40:00,186.4
04/07/2014,09:45:00,186.5
04/07/2014,09:50:00,186.45
04/07/2014,09:55:00,186.5
04/07/2014,10:00:00,185.9
04/07/2014,10:05:00,185.95
04/07/2014,10:10:00,186.05
04/07/2014,10:15:00,186.0
04/07/2014,10:20:00,185.8
04/07/2014,10:25:00,186.05
04/07/2014,10:30:00,186.35
04/07/2014,10:35:00,186.25
04/07/2014,10:40:00,186.2
04/07/2014,10:45:00,186.2
04/07/2014,10:50:00,186.25
04/07/2014,10:55:00,186.0
04/07/2014,11:00:00,186.0
04/07/2014,11:05:00,186.2
04/07/2014,11:10:00,186.35
04/07/2014,11:15:00,186.0
04/07/2014,11:20:00,185.5
04/07/2014,11:25:00,185.05
04/07/2014,11:30:00,184.5
04/07/2014,11:35:00,184.05
04/07/2014,11:40:00,184.15
04/07/2014,11:45:00,184.0
04/07/2014,11:50:00,184.6
04/07/2014,11:55:00,184.8
04/07/2014,12:00:00,184.75
04/07/2014,12:05:00,184.75
04/07/2014,12:10:00,184.9
04/07/2014,12:15:00,184.7
04/07/2014,12:20:00,184.0
04/07/2014,12:25:00,183.5
04/07/2014,12:30:00,183.85
04/07/2014,12:35:00,183.15
04/07/2014,12:40:00,183.25
04/07/2014,12:45:00,183.6
04/07/2014,12:50:00,183.3
04/07/2014,12:55:00,183.3
04/07/2014,13:00:00,183.0
04/07/2014,13:05:00,183.1
04/07/2014,13:10:00,183.15
04/07/2014,13:15:00,183.3
04/07/2014,13:20:00,182.9
04/07/2014,13:25:00,182.9
04/07/2014,13:30:00,182.6
04/07/2014,13:35:00,183.3
04/07/2014,13:40:00,183.5
04/07/2014,13:45:00,183.35
04/07/2014,13:50:00,183.3
04/07/2014,13:55:00,183.35
04/07/2014,14:00:00,183.6
04/07/2014,14:05:00,183.5
04/07/2014,14:10:00,183.7
04/07/2014,14:15:00,183.25
04/07/2014,14:20:00,183.85
04/07/2014,14:25:00,183.65
04/07/2014,14:30:00,183.55
04/07/2014,14:35:00,183.55
04/07/2014,14:40:00,183.75
04/07/2014,14:45:00,183.6
04/07/2014,14:50:00,183.5
04/07/2014,14:55:00,183.75
04/07/2014,15:00:00,183.8
04/07/2014,15:05:00,183.8
04/07/2014,15:10:00,184.2
04/07/2014,15:15:00,183.9
04/07/2014,15:20:00,183.6
04/07/2014,15:25:00,184.0
04/07/2014,15:30:00,183.5
07/07/2014,09:20:00,184.8
07/07/2014,09:25:00,185.2
07/07/2014,09:30:00,185.7
07/07/2014,09:35:00,185.35
07/07/2014,09:40:00,185.35
07/07/2014,09:45:00,184.5
07/07/2014,09:50:00,184.95
07/07/2014,09:55:00,184.5
07/07/2014,10:00:00,184.25
07/07/2014,10:05:00,183.7
07/07/2014,10:10:00,183.5
07/07/2014,10:15:00,183.85
07/07/2014,10:20:00,183.5
07/07/2014,10:25:00,183.3
07/07/2014,10:30:00,182.55
07/07/2014,10:35:00,182.5
07/07/2014,10:40:00,182.7
07/07/2014,10:45:00,182.95
07/07/2014,10:50:00,182.85
07/07/2014,10:55:00,182.9
07/07/2014,11:00:00,183.2
07/07/2014,11:05:00,183.25
07/07/2014,11:10:00,183.0
07/07/2014,11:15:00,183.05
07/07/2014,11:20:00,183.1
07/07/2014,11:25:00,182.85
07/07/2014,11:30:00,182.85
07/07/2014,11:35:00,182.8
07/07/2014,11:40:00,182.75
07/07/2014,11:45:00,182.7
07/07/2014,11:50:00,182.85
07/07/2014,11:55:00,182.85
07/07/2014,12:00:00,182.85
07/07/2014,12:05:00,182.8
07/07/2014,12:10:00,182.8
07/07/2014,12:15:00,182.75
07/07/2014,12:20:00,182.8
07/07/2014,12:25:00,182.8
07/07/2014,12:30:00,183.05
07/07/2014,12:35:00,182.9
07/07/2014,12:40:00,182.7
07/07/2014,12:45:00,182.7
07/07/2014,12:50:00,182.7
07/07/2014,12:55:00,182.6
07/07/2014,13:00:00,182.6
07/07/2014,13:05:00,182.6
07/07/2014,13:10:00,182.7
07/07/2014,13:15:00,182.7
07/07/2014,13:20:00,182.65
07/07/2014,13:25:00,182.7
07/07/2014,13:30:00,182.55
07/07/2014,13:35:00,182.55
07/07/2014,13:40:00,182.7
07/07/2014,13:45:00,182.7
07/07/2014,13:50:00,182.0
07/07/2014,13:55:00,182.0
07/07/2014,14:00:00,181.9
07/07/2014,14:05:00,181.9
07/07/2014,14:10:00,181.8
07/07/2014,14:15:00,181.25
07/07/2014,14:20:00,181.65
07/07/2014,14:25:00,181.8
07/07/2014,14:30:00,181.65
07/07/2014,14:35:00,181.6
07/07/2014,14:40:00,181.75
07/07/2014,14:45:00,181.75
07/07/2014,14:50:00,181.75
07/07/2014,14:55:00,182.35
07/07/2014,15:00:00,182.15
07/07/2014,15:05:00,182.55
07/07/2014,15:10:00,182.9
07/07/2014,15:15:00,182.4
07/07/2014,15:20:00,182.35
07/07/2014,15:25:00,182.8
07/07/2014,15:30:00,182.5
08/07/2014,09:20:00,183.35
08/07/2014,09:25:00,182.8
08/07/2014,09:30:00,183.1
08/07/2014,09:35:00,182.6
08/07/2014,09:40:00,181.7
08/07/2014,09:45:00,182.0
08/07/2014,09:50:00,181.1
08/07/2014,09:55:00,181.85
08/07/2014,10:00:00,179.6
08/07/2014,10:05:00,180.25
08/07/2014,10:10:00,179.8
08/07/2014,10:15:00,180.2
08/07/2014,10:20:00,180.5
08/07/2014,10:25:00,180.3
08/07/2014,10:30:00,180.35
08/07/2014,10:35:00,180.4
08/07/2014,10:40:00,180.3
08/07/2014,10:45:00,180.3
08/07/2014,10:50:00,180.2
08/07/2014,10:55:00,180.0
08/07/2014,11:00:00,180.35
08/07/2014,11:05:00,180.7
08/07/2014,11:10:00,180.8
08/07/2014,11:15:00,181.1
08/07/2014,11:20:00,181.2
08/07/2014,11:25:00,180.4
08/07/2014,11:30:00,180.75
08/07/2014,11:35:00,181.1
08/07/2014,11:40:00,181.65
08/07/2014,11:45:00,181.35
08/07/2014,11:50:00,181.4
08/07/2014,11:55:00,180.75
08/07/2014,12:00:00,180.95
08/07/2014,12:05:00,180.55
08/07/2014,12:10:00,180.3
08/07/2014,12:15:00,179.45
08/07/2014,12:20:00,179.45
08/07/2014,12:25:00,179.1
08/07/2014,12:30:00,179.05
08/07/2014,12:35:00,179.1
08/07/2014,12:40:00,179.05
08/07/2014,12:45:00,179.1
08/07/2014,12:50:00,179.1
08/07/2014,12:55:00,178.55
08/07/2014,13:00:00,176.7
08/07/2014,13:05:00,177.15
08/07/2014,13:10:00,177.75
08/07/2014,13:15:00,177.75
08/07/2014,13:20:00,177.7
08/07/2014,13:25:00,177.5
08/07/2014,13:30:00,177.05
08/07/2014,13:35:00,176.7
08/07/2014,13:40:00,177.0
08/07/2014,13:45:00,177.4
08/07/2014,13:50:00,176.6
08/07/2014,13:55:00,176.75
08/07/2014,14:00:00,175.75
08/07/2014,14:05:00,175.55
08/07/2014,14:10:00,174.25
08/07/2014,14:15:00,173.6
08/07/2014,14:20:00,174.05
08/07/2014,14:25:00,175.2
08/07/2014,14:30:00,175.2
08/07/2014,14:35:00,174.7
08/07/2014,14:40:00,173.5
08/07/2014,14:45:00,174.45
08/07/2014,14:50:00,173.95
08/07/2014,14:55:00,175.35
08/07/2014,15:00:00,175.25
08/07/2014,15:05:00,174.55
08/07/2014,15:10:00,174.75
08/07/2014,15:15:00,174.7
08/07/2014,15:20:00,174.1
08/07/2014,15:25:00,174.1
08/07/2014,15:30:00,171.7
09/07/2014,09:20:00,174.25
09/07/2014,09:25:00,174.0
09/07/2014,09:30:00,174.6
09/07/2014,09:35:00,174.1
09/07/2014,09:40:00,173.45
09/07/2014,09:45:00,171.0
09/07/2014,09:50:00,171.0
09/07/2014,09:55:00,171.45
09/07/2014,10:00:00,172.2
09/07/2014,10:05:00,173.35
09/07/2014,10:10:00,173.8
09/07/2014,10:15:00,173.5
09/07/2014,10:20:00,173.8
09/07/2014,10:25:00,174.2
09/07/2014,10:30:00,174.15
09/07/2014,10:35:00,174.55
09/07/2014,10:40:00,174.75
09/07/2014,10:45:00,174.7
09/07/2014,10:50:00,174.7
09/07/2014,10:55:00,175.2
09/07/2014,11:00:00,175.6
09/07/2014,11:05:00,175.7
09/07/2014,11:10:00,175.85
09/07/2014,11:15:00,175.6
09/07/2014,11:20:00,175.7
09/07/2014,11:25:00,175.8
09/07/2014,11:30:00,175.9
09/07/2014,11:35:00,175.65
09/07/2014,11:40:00,175.45
09/07/2014,11:45:00,176.0
09/07/2014,11:50:00,175.9
09/07/2014,11:55:00,176.1
09/07/2014,12:00:00,176.1
09/07/2014,12:05:00,175.8
09/07/2014,12:10:00,176.0
09/07/2014,12:15:00,175.75
09/07/2014,12:20:00,175.9
09/07/2014,12:25:00,175.1
09/07/2014,12:30:00,175.0
09/07/2014,12:35:00,174.1
09/07/2014,12:40:00,174.15
09/07/2014,12:45:00,174.45
09/07/2014,12:50:00,174.5
09/07/2014,12:55:00,174.0
09/07/2014,13:00:00,174.0
09/07/2014,13:05:00,174.15
09/07/2014,13:10:00,174.4
09/07/2014,13:15:00,174.75
09/07/2014,13:20:00,174.15
09/07/2014,13:25:00,174.75
09/07/2014,13:30:00,174.2
09/07/2014,13:35:00,174.3
09/07/2014,13:40:00,174.2
09/07/2014,13:45:00,174.5
09/07/2014,13:50:00,174.8
09/07/2014,13:55:00,174.7
09/07/2014,14:00:00,174.3
09/07/2014,14:05:00,174.4
09/07/2014,14:10:00,174.05
09/07/2014,14:15:00,174.55
09/07/2014,14:20:00,174.3
09/07/2014,14:25:00,174.25
09/07/2014,14:30:00,174.25
09/07/2014,14:35:00,174.35
09/07/2014,14:40:00,174.2
09/07/2014,14:45:00,173.75
09/07/2014,14:50:00,173.35
09/07/2014,14:55:00,173.45
09/07/2014,15:00:00,173.5
09/07/2014,15:05:00,173.6
09/07/2014,15:10:00,173.85
09/07/2014,15:15:00,172.85
09/07/2014,15:20:00,172.95
09/07/2014,15:25:00,173.0
09/07/2014,15:30:00,173.0
10/07/2014,09:20:00,173.15
10/07/2014,09:25:00,174.1
10/07/2014,09:30:00,173.65
10/07/2014,09:35:00,174.35
10/07/2014,09:40:00,173.95
10/07/2014,09:45:00,173.7
10/07/2014,09:50:00,173.25
10/07/2014,09:55:00,173.3
10/07/2014,10:00:00,173.45
10/07/2014,10:05:00,173.45
10/07/2014,10:10:00,173.1
10/07/2014,10:15:00,173.3
10/07/2014,10:20:00,173.2
10/07/2014,10:25:00,173.15
10/07/2014,10:30:00,173.35
10/07/2014,10:35:00,173.4
10/07/2014,10:40:00,173.25
10/07/2014,10:45:00,173.35
10/07/2014,10:50:00,173.8
10/07/2014,10:55:00,173.95
10/07/2014,11:00:00,173.85
10/07/2014,11:05:00,173.55
10/07/2014,11:10:00,173.25
10/07/2014,11:15:00,173.25
10/07/2014,11:20:00,173.25
10/07/2014,11:25:00,172.85
10/07/2014,11:30:00,171.7
10/07/2014,11:35:00,170.4
10/07/2014,11:40:00,167.95
10/07/2014,11:45:00,169.05
10/07/2014,11:50:00,169.35
10/07/2014,11:55:00,168.35
10/07/2014,12:00:00,167.7
10/07/2014,12:05:00,166.85
10/07/2014,12:10:00,167.1
10/07/2014,12:15:00,167.8
10/07/2014,12:20:00,167.7
10/07/2014,12:25:00,168.45
10/07/2014,12:30:00,169.0
10/07/2014,12:35:00,168.65
10/07/2014,12:40:00,168.55
10/07/2014,12:45:00,168.4
10/07/2014,12:50:00,168.7
10/07/2014,12:55:00,169.05
10/07/2014,13:00:00,169.8
10/07/2014,13:05:00,171.1
10/07/2014,13:10:00,172.05
10/07/2014,13:15:00,172.1
10/07/2014,13:20:00,173.5
10/07/2014,13:25:00,173.4
10/07/2014,13:30:00,175.0
10/07/2014,13:35:00,176.6
10/07/2014,13:40:00,176.05
10/07/2014,13:45:00,176.3
10/07/2014,13:50:00,176.7
10/07/2014,13:55:00,177.5
10/07/2014,14:00:00,176.75
10/07/2014,14:05:00,176.45
10/07/2014,14:10:00,176.9
10/07/2014,14:15:00,176.0
10/07/2014,14:20:00,176.1
10/07/2014,14:25:00,176.4
10/07/2014,14:30:00,175.85
10/07/2014,14:35:00,176.2
10/07/2014,14:40:00,175.85
10/07/2014,14:45:00,176.2
10/07/2014,14:50:00,176.3
10/07/2014,14:55:00,175.15
10/07/2014,15:00:00,175.25
10/07/2014,15:05:00,175.4
10/07/2014,15:10:00,174.15
10/07/2014,15:15:00,173.0
10/07/2014,15:20:00,172.75
10/07/2014,15:25:00,172.1
10/07/2014,15:30:00,172.0
11/07/2014,09:20:00,169.7
11/07/2014,09:25:00,169.9
11/07/2014,09:30:00,170.6
11/07/2014,09:35:00,170.15
11/07/2014,09:40:00,169.4
11/07/2014,09:45:00,169.75
11/07/2014,09:50:00,170.2
11/07/2014,09:55:00,170.15
11/07/2014,10:00:00,170.0
11/07/2014,10:05:00,170.05
11/07/2014,10:10:00,169.75
11/07/2014,10:15:00,169.35
11/07/2014,10:20:00,169.5
11/07/2014,10:25:00,169.7
11/07/2014,10:30:00,169.35
11/07/2014,10:35:00,168.85
11/07/2014,10:40:00,169.25
11/07/2014,10:45:00,169.2
11/07/2014,10:50:00,169.4
11/07/2014,10:55:00,169.5
11/07/2014,11:00:00,169.5
11/07/2014,11:05:00,169.0
11/07/2014,11:10:00,168.15
11/07/2014,11:15:00,168.0
11/07/2014,11:20:00,167.5
11/07/2014,11:25:00,167.25
11/07/2014,11:30:00,166.7
11/07/2014,11:35:00,165.3
11/07/2014,11:40:00,165.3
11/07/2014,11:45:00,165.25
11/07/2014,11:50:00,165.6
11/07/2014,11:55:00,165.8
11/07/2014,12:00:00,166.05
11/07/2014,12:05:00,166.55
11/07/2014,12:10:00,166.25
11/07/2014,12:15:00,166.1
11/07/2014,12:20:00,165.9
11/07/2014,12:25:00,165.6
11/07/2014,12:30:00,165.1
11/07/2014,12:35:00,164.6
11/07/2014,12:40:00,164.25
11/07/2014,12:45:00,164.5
11/07/2014,12:50:00,163.45
11/07/2014,12:55:00,162.65
11/07/2014,13:00:00,162.75
11/07/2014,13:05:00,163.1
11/07/2014,13:10:00,163.05
11/07/2014,13:15:00,164.65
11/07/2014,13:20:00,164.45
11/07/2014,13:25:00,164.85
11/07/2014,13:30:00,164.9
11/07/2014,13:35:00,165.25
11/07/2014,13:40:00,165.25
11/07/2014,13:45:00,165.25
11/07/2014,13:50:00,164.9
11/07/2014,13:55:00,165.25
11/07/2014,14:00:00,165.25
11/07/2014,14:05:00,164.8
11/07/2014,14:10:00,164.6
11/07/2014,14:15:00,163.0
11/07/2014,14:20:00,163.0
11/07/2014,14:25:00,163.65
11/07/2014,14:30:00,163.9
11/07/2014,14:35:00,164.65
11/07/2014,14:40:00,164.15
11/07/2014,14:45:00,164.35
11/07/2014,14:50:00,163.6
11/07/2014,14:55:00,162.7
11/07/2014,15:00:00,163.2
11/07/2014,15:05:00,162.5
11/07/2014,15:10:00,162.65
11/07/2014,15:15:00,161.6
11/07/2014,15:20:00,160.35
11/07/2014,15:25:00,159.4
11/07/2014,15:30:00,159.4
14/07/2014,09:20:00,160.3
14/07/2014,09:25:00,161.05
14/07/2014,09:30:00,161.05
14/07/2014,09:35:00,162.2
14/07/2014,09:40:00,162.05
14/07/2014,09:45:00,162.15
14/07/2014,09:50:00,161.9
14/07/2014,09:55:00,162.1
14/07/2014,10:00:00,162.0
14/07/2014,10:05:00,162.05
14/07/2014,10:10:00,162.7
14/07/2014,10:15:00,162.3
14/07/2014,10:20:00,162.5
14/07/2014,10:25:00,162.55
14/07/2014,10:30:00,162.65
14/07/2014,10:35:00,162.9
14/07/2014,10:40:00,162.8
14/07/2014,10:45:00,161.85
14/07/2014,10:50:00,162.7
14/07/2014,10:55:00,162.8
14/07/2014,11:00:00,163.0
14/07/2014,11:05:00,162.85
14/07/2014,11:10:00,162.7
14/07/2014,11:15:00,162.75
14/07/2014,11:20:00,162.75
14/07/2014,11:25:00,162.65
14/07/2014,11:30:00,162.7
14/07/2014,11:35:00,162.8
14/07/2014,11:40:00,162.75
14/07/2014,11:45:00,162.65
14/07/2014,11:50:00,162.65
14/07/2014,11:55:00,161.8
14/07/2014,12:00:00,162.15
14/07/2014,12:05:00,161.95
14/07/2014,12:10:00,161.6
14/07/2014,12:15:00,161.8
14/07/2014,12:20:00,161.35
14/07/2014,12:25:00,161.8
14/07/2014,12:30:00,161.95
14/07/2014,12:35:00,161.7
14/07/2014,12:40:00,161.5
14/07/2014,12:45:00,160.4
14/07/2014,12:50:00,161.0
14/07/2014,12:55:00,160.65
14/07/2014,13:00:00,160.6
14/07/2014,13:05:00,159.95
14/07/2014,13:10:00,159.75
14/07/2014,13:15:00,160.1
14/07/2014,13:20:00,160.4
14/07/2014,13:25:00,161.2
14/07/2014,13:30:00,160.7
14/07/2014,13:35:00,161.1
14/07/2014,13:40:00,160.5
14/07/2014,13:45:00,161.0
14/07/2014,13:50:00,160.2
14/07/2014,13:55:00,160.75
14/07/2014,14:00:00,160.7
14/07/2014,14:05:00,161.05
14/07/2014,14:10:00,160.55
14/07/2014,14:15:00,160.65
14/07/2014,14:20:00,160.6
14/07/2014,14:25:00,160.8
14/07/2014,14:30:00,161.05
14/07/2014,14:35:00,161.2
14/07/2014,14:40:00,161.55
14/07/2014,14:45:00,161.0
14/07/2014,14:50:00,160.9
14/07/2014,14:55:00,161.25
14/07/2014,15:00:00,161.2
14/07/2014,15:05:00,161.8
14/07/2014,15:10:00,161.8
14/07/2014,15:15:00,161.75
14/07/2014,15:20:00,162.05
14/07/2014,15:25:00,162.0
14/07/2014,15:30:00,161.75
15/07/2014,09:20:00,164.1
15/07/2014,09:25:00,165.15
15/07/2014,09:30:00,167.3
15/07/2014,09:35:00,167.25
15/07/2014,09:40:00,166.5
15/07/2014,09:45:00,166.15
15/07/2014,09:50:00,165.75
15/07/2014,09:55:00,166.0
15/07/2014,10:00:00,165.9
15/07/2014,10:05:00,165.75
15/07/2014,10:10:00,166.35
15/07/2014,10:15:00,166.85
15/07/2014,10:20:00,166.7
15/07/2014,10:25:00,166.1
15/07/2014,10:30:00,166.45
15/07/2014,10:35:00,166.4
15/07/2014,10:40:00,166.35
15/07/2014,10:45:00,166.4
15/07/2014,10:50:00,166.4
15/07/2014,10:55:00,166.65
15/07/2014,11:00:00,166.75
15/07/2014,11:05:00,167.15
15/07/2014,11:10:00,166.9
15/07/2014,11:15:00,166.6
15/07/2014,11:20:00,166.95
15/07/2014,11:25:00,167.0
15/07/2014,11:30:00,166.8
15/07/2014,11:35:00,167.0
15/07/2014,11:40:00,166.85
15/07/2014,11:45:00,166.75
15/07/2014,11:50:00,165.25
15/07/2014,11:55:00,165.8
15/07/2014,12:00:00,165.85
15/07/2014,12:05:00,165.35
15/07/2014,12:10:00,164.75
15/07/2014,12:15:00,164.45
15/07/2014,12:20:00,163.8
15/07/2014,12:25:00,163.6
15/07/2014,12:30:00,163.2
15/07/2014,12:35:00,163.3
15/07/2014,12:40:00,163.85
15/07/2014,12:45:00,162.95
15/07/2014,12:50:00,164.0
15/07/2014,12:55:00,164.15
15/07/2014,13:00:00,164.15
15/07/2014,13:05:00,164.3
15/07/2014,13:10:00,164.45
15/07/2014,13:15:00,165.05
15/07/2014,13:20:00,164.9
15/07/2014,13:25:00,165.2
15/07/2014,13:30:00,165.4
15/07/2014,13:35:00,165.4
15/07/2014,13:40:00,165.8
15/07/2014,13:45:00,166.05
15/07/2014,13:50:00,166.45
15/07/2014,13:55:00,166.2
15/07/2014,14:00:00,166.05
15/07/2014,14:05:00,165.8
15/07/2014,14:10:00,166.0
15/07/2014,14:15:00,166.2
15/07/2014,14:20:00,166.25
15/07/2014,14:25:00,166.6
15/07/2014,14:30:00,166.5
15/07/2014,14:35:00,166.9
15/07/2014,14:40:00,166.75
15/07/2014,14:45:00,166.6
15/07/2014,14:50:00,166.7
15/07/2014,14:55:00,167.25
15/07/2014,15:00:00,167.3
15/07/2014,15:05:00,167.45
15/07/2014,15:10:00,167.4
15/07/2014,15:15:00,168.0
15/07/2014,15:20:00,168.2
15/07/2014,15:25:00,168.25
15/07/2014,15:30:00,168.0
16/07/2014,09:20:00,167.25
16/07/2014,09:25:00,167.35
16/07/2014,09:30:00,166.95
16/07/2014,09:35:00,166.2
16/07/2014,09:40:00,166.65
16/07/2014,09:45:00,166.8
16/07/2014,09:50:00,166.5
16/07/2014,09:55:00,166.7
16/07/2014,10:00:00,166.15
16/07/2014,10:05:00,165.85
16/07/2014,10:10:00,166.3
16/07/2014,10:15:00,166.3
16/07/2014,10:20:00,166.1
16/07/2014,10:25:00,165.9
16/07/2014,10:30:00,166.6
16/07/2014,10:35:00,166.75
16/07/2014,10:40:00,167.1
16/07/2014,10:45:00,166.75
16/07/2014,10:50:00,167.05
16/07/2014,10:55:00,167.1
16/07/2014,11:00:00,166.85
16/07/2014,11:05:00,167.0
16/07/2014,11:10:00,166.75
16/07/2014,11:15:00,166.9
16/07/2014,11:20:00,167.45
16/07/2014,11:25:00,167.4
16/07/2014,11:30:00,167.2
16/07/2014,11:35:00,167.25
16/07/2014,11:40:00,167.2
16/07/2014,11:45:00,167.1
16/07/2014,11:50:00,166.65
16/07/2014,11:55:00,166.65
16/07/2014,12:00:00,166.75
16/07/2014,12:05:00,167.0
16/07/2014,12:10:00,167.3
16/07/2014,12:15:00,167.15
16/07/2014,12:20:00,167.3
16/07/2014,12:25:00,167.35
16/07/2014,12:30:00,167.3
16/07/2014,12:35:00,168.3
16/07/2014,12:40:00,168.4
16/07/2014,12:45:00,168.35
16/07/2014,12:50:00,168.45
16/07/2014,12:55:00,168.4
16/07/2014,13:00:00,168.65
16/07/2014,13:05:00,168.7
16/07/2014,13:10:00,168.95
16/07/2014,13:15:00,168.15
16/07/2014,13:20:00,168.7
16/07/2014,13:25:00,168.45
16/07/2014,13:30:00,168.65
16/07/2014,13:35:00,168.7
16/07/2014,13:40:00,168.75
16/07/2014,13:45:00,169.15
16/07/2014,13:50:00,169.2
16/07/2014,13:55:00,170.5
16/07/2014,14:00:00,169.9
16/07/2014,14:05:00,169.65
16/07/2014,14:10:00,169.55
16/07/2014,14:15:00,169.4
16/07/2014,14:20:00,169.25
16/07/2014,14:25:00,169.55
16/07/2014,14:30:00,169.5
16/07/2014,14:35:00,169.8
16/07/2014,14:40:00,170.3
16/07/2014,14:45:00,170.8
16/07/2014,14:50:00,171.1
16/07/2014,14:55:00,170.35
16/07/2014,15:00:00,171.1
16/07/2014,15:05:00,171.1
16/07/2014,15:10:00,170.5
16/07/2014,15:15:00,169.9
16/07/2014,15:20:00,169.4
16/07/2014,15:25:00,169.55
16/07/2014,15:30:00,170.15
17/07/2014,09:20:00,171.75
17/07/2014,09:25:00,171.2
17/07/2014,09:30:00,171.5
17/07/2014,09:35:00,171.65
17/07/2014,09:40:00,171.5
17/07/2014,09:45:00,171.35
17/07/2014,09:50:00,171.3
17/07/2014,09:55:00,171.65
17/07/2014,10:00:00,171.5
17/07/2014,10:05:00,171.1
17/07/2014,10:10:00,171.25
17/07/2014,10:15:00,171.3
17/07/2014,10:20:00,171.25
17/07/2014,10:25:00,171.3
17/07/2014,10:30:00,171.55
17/07/2014,10:35:00,171.5
17/07/2014,10:40:00,171.7
17/07/2014,10:45:00,171.5
17/07/2014,10:50:00,171.45
17/07/2014,10:55:00,171.65
17/07/2014,11:00:00,171.65
17/07/2014,11:05:00,171.4
17/07/2014,11:10:00,171.3
17/07/2014,11:15:00,170.6
17/07/2014,11:20:00,170.6
17/07/2014,11:25:00,170.25
17/07/2014,11:30:00,170.25
17/07/2014,11:35:00,170.5
17/07/2014,11:40:00,170.45
17/07/2014,11:45:00,170.5
17/07/2014,11:50:00,170.55
17/07/2014,11:55:00,170.85
17/07/2014,12:00:00,170.9
17/07/2014,12:05:00,171.25
17/07/2014,12:10:00,171.35
17/07/2014,12:15:00,171.55
17/07/2014,12:20:00,171.35
17/07/2014,12:25:00,171.7
17/07/2014,12:30:00,171.7
17/07/2014,12:35:00,171.4
17/07/2014,12:40:00,171.1
17/07/2014,12:45:00,170.6
17/07/2014,12:50:00,171.35
17/07/2014,12:55:00,171.3
17/07/2014,13:00:00,171.45
17/07/2014,13:05:00,171.7
17/07/2014,13:10:00,172.15
17/07/2014,13:15:00,172.2
17/07/2014,13:20:00,172.2
17/07/2014,13:25:00,172.35
17/07/2014,13:30:00,172.1
17/07/2014,13:35:00,172.25
17/07/2014,13:40:00,171.9
17/07/2014,13:45:00,171.8
17/07/2014,13:50:00,171.8
17/07/2014,13:55:00,171.8
17/07/2014,14:00:00,172.2
17/07/2014,14:05:00,171.7
17/07/2014,14:10:00,171.65
17/07/2014,14:15:00,172.25
17/07/2014,14:20:00,171.7
17/07/2014,14:25:00,171.6
17/07/2014,14:30:00,171.6
17/07/2014,14:35:00,171.1
17/07/2014,14:40:00,171.4
17/07/2014,14:45:00,171.45
17/07/2014,14:50:00,171.4
17/07/2014,14:55:00,171.05
17/07/2014,15:00:00,171.25
17/07/2014,15:05:00,171.75
17/07/2014,15:10:00,171.85
17/07/2014,15:15:00,172.4
17/07/2014,15:20:00,171.55
17/07/2014,15:25:00,171.35
17/07/2014,15:30:00,171.25
18/07/2014,09:20:00,168.3
18/07/2014,09:25:00,168.8
18/07/2014,09:30:00,168.4
18/07/2014,09:35:00,168.25
18/07/2014,09:40:00,168.0
18/07/2014,09:45:00,168.1
18/07/2014,09:50:00,168.5
18/07/2014,09:55:00,168.75
18/07/2014,10:00:00,169.0
18/07/2014,10:05:00,168.95
18/07/2014,10:10:00,169.0
18/07/2014,10:15:00,169.5
18/07/2014,10:20:00,169.0
18/07/2014,10:25:00,169.25
18/07/2014,10:30:00,170.05
18/07/2014,10:35:00,170.2
18/07/2014,10:40:00,169.65
18/07/2014,10:45:00,170.0
18/07/2014,10:50:00,169.85
18/07/2014,10:55:00,169.55
18/07/2014,11:00:00,169.75
18/07/2014,11:05:00,169.0
18/07/2014,11:10:00,169.15
18/07/2014,11:15:00,169.5
18/07/2014,11:20:00,169.65
18/07/2014,11:25:00,170.0
18/07/2014,11:30:00,170.5
18/07/2014,11:35:00,170.3
18/07/2014,11:40:00,170.7
18/07/2014,11:45:00,170.6
18/07/2014,11:50:00,170.75
18/07/2014,11:55:00,170.85
18/07/2014,12:00:00,171.35
18/07/2014,12:05:00,171.3
18/07/2014,12:10:00,171.3
18/07/2014,12:15:00,172.2
18/07/2014,12:20:00,172.8
18/07/2014,12:25:00,174.2
18/07/2014,12:30:00,174.45
18/07/2014,12:35:00,174.3
18/07/2014,12:40:00,173.9
18/07/2014,12:45:00,173.9
18/07/2014,12:50:00,174.35
18/07/2014,12:55:00,173.55
18/07/2014,13:00:00,174.0
18/07/2014,13:05:00,173.55
18/07/2014,13:10:00,174.05
18/07/2014,13:15:00,174.3
18/07/2014,13:20:00,173.8
18/07/2014,13:25:00,173.9
18/07/2014,13:30:00,173.85
18/07/2014,13:35:00,173.8
18/07/2014,13:40:00,173.6
18/07/2014,13:45:00,172.95
18/07/2014,13:50:00,172.9
18/07/2014,13:55:00,173.15
18/07/2014,14:00:00,173.15
18/07/2014,14:05:00,173.7
18/07/2014,14:10:00,173.45
18/07/2014,14:15:00,173.7
18/07/2014,14:20:00,174.0
18/07/2014,14:25:00,174.3
18/07/2014,14:30:00,173.25
18/07/2014,14:35:00,174.0
18/07/2014,14:40:00,174.4
18/07/2014,14:45:00,174.2
18/07/2014,14:50:00,174.6
18/07/2014,14:55:00,174.8
18/07/2014,15:00:00,174.0
18/07/2014,15:05:00,174.25
18/07/2014,15:10:00,174.85
18/07/2014,15:15:00,174.4
18/07/2014,15:20:00,173.95
18/07/2014,15:25:00,173.85
18/07/2014,15:30:00,174.65
21/07/2014,09:20:00,174.75
21/07/2014,09:25:00,175.2
21/07/2014,09:30:00,174.55
21/07/2014,09:35:00,174.85
21/07/2014,09:40:00,175.4
21/07/2014,09:45:00,175.2
21/07/2014,09:50:00,175.2
21/07/2014,09:55:00,176.2
21/07/2014,10:00:00,176.4
21/07/2014,10:05:00,176.55
21/07/2014,10:10:00,176.6
21/07/2014,10:15:00,176.3
21/07/2014,10:20:00,176.4
21/07/2014,10:25:00,176.5
21/07/2014,10:30:00,176.7
21/07/2014,10:35:00,176.6
21/07/2014,10:40:00,176.75
21/07/2014,10:45:00,176.55
21/07/2014,10:50:00,176.3
21/07/2014,10:55:00,176.2
21/07/2014,11:00:00,175.75
21/07/2014,11:05:00,175.75
21/07/2014,11:10:00,175.7
21/07/2014,11:15:00,176.1
21/07/2014,11:20:00,176.25
21/07/2014,11:25:00,176.45
21/07/2014,11:30:00,176.25
21/07/2014,11:35:00,176.25
21/07/2014,11:40:00,175.8
21/07/2014,11:45:00,175.8
21/07/2014,11:50:00,176.15
21/07/2014,11:55:00,175.95
21/07/2014,12:00:00,176.2
21/07/2014,12:05:00,176.15
21/07/2014,12:10:00,176.3
21/07/2014,12:15:00,176.3
21/07/2014,12:20:00,176.35
21/07/2014,12:25:00,176.45
21/07/2014,12:30:00,176.55
21/07/2014,12:35:00,176.45
21/07/2014,12:40:00,176.3
21/07/2014,12:45:00,176.0
21/07/2014,12:50:00,175.75
21/07/2014,12:55:00,175.65
21/07/2014,13:00:00,175.5
21/07/2014,13:05:00,175.65
21/07/2014,13:10:00,175.95
21/07/2014,13:15:00,175.9
21/07/2014,13:20:00,175.7
21/07/2014,13:25:00,175.9
21/07/2014,13:30:00,176.25
21/07/2014,13:35:00,175.95
21/07/2014,13:40:00,176.1
21/07/2014,13:45:00,175.75
21/07/2014,13:50:00,175.8
21/07/2014,13:55:00,176.2
21/07/2014,14:00:00,176.0
21/07/2014,14:05:00,176.5
21/07/2014,14:10:00,176.5
21/07/2014,14:15:00,176.5
21/07/2014,14:20:00,176.4
21/07/2014,14:25:00,176.3
21/07/2014,14:30:00,176.4
21/07/2014,14:35:00,176.85
21/07/2014,14:40:00,177.1
21/07/2014,14:45:00,177.05
21/07/2014,14:50:00,176.9
21/07/2014,14:55:00,176.45
21/07/2014,15:00:00,175.9
21/07/2014,15:05:00,176.0
21/07/2014,15:10:00,176.0
21/07/2014,15:15:00,175.75
21/07/2014,15:20:00,175.5
21/07/2014,15:25:00,175.45
21/07/2014,15:30:00,175.25
22/07/2014,09:20:00,176.65
22/07/2014,09:25:00,177.2
22/07/2014,09:30:00,176.6
22/07/2014,09:35:00,176.85
22/07/2014,09:40:00,177.45
22/07/2014,09:45:00,177.45
22/07/2014,09:50:00,177.25
22/07/2014,09:55:00,177.25
22/07/2014,10:00:00,177.3
22/07/2014,10:05:00,177.3
22/07/2014,10:10:00,177.4
22/07/2014,10:15:00,177.3
22/07/2014,10:20:00,177.3
22/07/2014,10:25:00,177.35
22/07/2014,10:30:00,177.45
22/07/2014,10:35:00,177.0
22/07/2014,10:40:00,177.0
22/07/2014,10:45:00,177.0
22/07/2014,10:50:00,176.95
22/07/2014,10:55:00,176.95
22/07/2014,11:00:00,176.75
22/07/2014,11:05:00,176.9
22/07/2014,11:10:00,176.85
22/07/2014,11:15:00,176.9
22/07/2014,11:20:00,176.95
22/07/2014,11:25:00,176.7
22/07/2014,11:30:00,176.75
22/07/2014,11:35:00,176.7
22/07/2014,11:40:00,176.7
22/07/2014,11:45:00,176.75
22/07/2014,11:50:00,176.6
22/07/2014,11:55:00,176.65
22/07/2014,12:00:00,176.65
22/07/2014,12:05:00,176.7
22/07/2014,12:10:00,176.65
22/07/2014,12:15:00,176.75
22/07/2014,12:20:00,176.65
22/07/2014,12:25:00,176.6
22/07/2014,12:30:00,176.75
22/07/2014,12:35:00,176.75
22/07/2014,12:40:00,176.55
22/07/2014,12:45:00,176.55
22/07/2014,12:50:00,176.4
22/07/2014,12:55:00,176.35
22/07/2014,13:00:00,176.2
22/07/2014,13:05:00,176.15
22/07/2014,13:10:00,176.05
22/07/2014,13:15:00,176.2
22/07/2014,13:20:00,176.05
22/07/2014,13:25:00,175.9
22/07/2014,13:30:00,175.8
22/07/2014,13:35:00,175.8
22/07/2014,13:40:00,175.2
22/07/2014,13:45:00,174.9
22/07/2014,13:50:00,174.9
22/07/2014,13:55:00,174.25
22/07/2014,14:00:00,174.3
22/07/2014,14:05:00,174.1
22/07/2014,14:10:00,174.0
22/07/2014,14:15:00,174.15
22/07/2014,14:20:00,174.0
22/07/2014,14:25:00,173.4
22/07/2014,14:30:00,173.9
22/07/2014,14:35:00,174.0
22/07/2014,14:40:00,175.25
22/07/2014,14:45:00,174.25
22/07/2014,14:50:00,174.4
22/07/2014,14:55:00,174.2
22/07/2014,15:00:00,174.75
22/07/2014,15:05:00,175.25
22/07/2014,15:10:00,175.45
22/07/2014,15:15:00,174.95
22/07/2014,15:20:00,175.15
22/07/2014,15:25:00,175.4
22/07/2014,15:30:00,174.95
23/07/2014,09:20:00,175.4
23/07/2014,09:25:00,174.55
23/07/2014,09:30:00,174.5
23/07/2014,09:35:00,174.4
23/07/2014,09:40:00,175.5
23/07/2014,09:45:00,175.15
23/07/2014,09:50:00,175.75
23/07/2014,09:55:00,175.7
23/07/2014,10:00:00,175.6
23/07/2014,10:05:00,175.4
23/07/2014,10:10:00,175.1
23/07/2014,10:15:00,175.0
23/07/2014,10:20:00,174.8
23/07/2014,10:25:00,174.45
23/07/2014,10:30:00,174.8
23/07/2014,10:35:00,173.7
23/07/2014,10:40:00,173.8
23/07/2014,10:45:00,173.8
23/07/2014,10:50:00,174.2
23/07/2014,10:55:00,174.45
23/07/2014,11:00:00,174.6
23/07/2014,11:05:00,174.3
23/07/2014,11:10:00,174.25
23/07/2014,11:15:00,174.05
23/07/2014,11:20:00,174.5
23/07/2014,11:25:00,174.65
23/07/2014,11:30:00,174.55
23/07/2014,11:35:00,174.7
23/07/2014,11:40:00,174.7
23/07/2014,11:45:00,174.6
23/07/2014,11:50:00,174.75
23/07/2014,11:55:00,174.95
23/07/2014,12:00:00,174.85
23/07/2014,12:05:00,174.7
23/07/2014,12:10:00,174.9
23/07/2014,12:15:00,175.25
23/07/2014,12:20:00,175.3
23/07/2014,12:25:00,175.25
23/07/2014,12:30:00,175.05
23/07/2014,12:35:00,174.75
23/07/2014,12:40:00,175.45
23/07/2014,12:45:00,175.3
23/07/2014,12:50:00,174.8
23/07/2014,12:55:00,175.2
23/07/2014,13:00:00,175.25
23/07/2014,13:05:00,175.4
23/07/2014,13:10:00,175.4
23/07/2014,13:15:00,175.1
23/07/2014,13:20:00,175.1
23/07/2014,13:25:00,174.9
23/07/2014,13:30:00,175.0
23/07/2014,13:35:00,174.6
23/07/2014,13:40:00,175.0
23/07/2014,13:45:00,175.1
23/07/2014,13:50:00,175.25
23/07/2014,13:55:00,175.2
23/07/2014,14:00:00,175.6
23/07/2014,14:05:00,175.8
23/07/2014,14:10:00,175.75
23/07/2014,14:15:00,175.4
23/07/2014,14:20:00,175.7
23/07/2014,14:25:00,175.65
23/07/2014,14:30:00,175.65
23/07/2014,14:35:00,175.7
23/07/2014,14:40:00,175.15
23/07/2014,14:45:00,175.35
23/07/2014,14:50:00,175.15
23/07/2014,14:55:00,174.85
23/07/2014,15:00:00,174.9
23/07/2014,15:05:00,174.95
23/07/2014,15:10:00,174.95
23/07/2014,15:15:00,175.65
23/07/2014,15:20:00,175.7
23/07/2014,15:25:00,175.45
23/07/2014,15:30:00,175.35
24/07/2014,09:20:00,175.25
24/07/2014,09:25:00,175.25
24/07/2014,09:30:00,175.55
24/07/2014,09:35:00,175.9
24/07/2014,09:40:00,176.0
24/07/2014,09:45:00,175.85
24/07/2014,09:50:00,176.0
24/07/2014,09:55:00,175.95
24/07/2014,10:00:00,176.0
24/07/2014,10:05:00,176.0
24/07/2014,10:10:00,176.0
24/07/2014,10:15:00,176.0
24/07/2014,10:20:00,175.95
24/07/2014,10:25:00,175.95
24/07/2014,10:30:00,176.0
24/07/2014,10:35:00,176.0
24/07/2014,10:40:00,176.0
24/07/2014,10:45:00,175.95
24/07/2014,10:50:00,175.95
24/07/2014,10:55:00,175.9
24/07/2014,11:00:00,175.9
24/07/2014,11:05:00,175.85
24/07/2014,11:10:00,175.95
24/07/2014,11:15:00,175.95
24/07/2014,11:20:00,176.0
24/07/2014,11:25:00,176.0
24/07/2014,11:30:00,176.0
24/07/2014,11:35:00,176.0
24/07/2014,11:40:00,176.0
24/07/2014,11:45:00,176.0
24/07/2014,11:50:00,175.95
24/07/2014,11:55:00,175.8
24/07/2014,12:00:00,175.95
24/07/2014,12:05:00,175.9
24/07/2014,12:10:00,175.9
24/07/2014,12:15:00,175.95
24/07/2014,12:20:00,175.9
24/07/2014,12:25:00,175.9
24/07/2014,12:30:00,175.95
24/07/2014,12:35:00,175.95
24/07/2014,12:40:00,175.95
24/07/2014,12:45:00,176.0
24/07/2014,12:50:00,176.0
24/07/2014,12:55:00,176.0
24/07/2014,13:00:00,177.15
24/07/2014,13:05:00,176.6
24/07/2014,13:10:00,176.1
24/07/2014,13:15:00,176.05
24/07/2014,13:20:00,176.15
24/07/2014,13:25:00,176.3
24/07/2014,13:30:00,176.25
24/07/2014,13:35:00,176.3
24/07/2014,13:40:00,176.5
24/07/2014,13:45:00,176.8
24/07/2014,13:50:00,177.0
24/07/2014,13:55:00,177.15
24/07/2014,14:00:00,177.1
24/07/2014,14:05:00,177.05
24/07/2014,14:10:00,177.15
24/07/2014,14:15:00,177.85
24/07/2014,14:20:00,178.6
24/07/2014,14:25:00,179.5
24/07/2014,14:30:00,179.8
24/07/2014,14:35:00,179.2
24/07/2014,14:40:00,178.95
24/07/2014,14:45:00,179.0
24/07/2014,14:50:00,178.3
24/07/2014,14:55:00,178.45
24/07/2014,15:00:00,178.5
24/07/2014,15:05:00,178.4
24/07/2014,15:10:00,178.45
24/07/2014,15:15:00,178.35
24/07/2014,15:20:00,177.9
24/07/2014,15:25:00,177.95
24/07/2014,15:30:00,178.35
25/07/2014,09:20:00,179.5
25/07/2014,09:25:00,178.7
25/07/2014,09:30:00,178.7
25/07/2014,09:35:00,178.65
25/07/2014,09:40:00,179.15
25/07/2014,09:45:00,179.0
25/07/2014,09:50:00,177.9
25/07/2014,09:55:00,178.6
25/07/2014,10:00:00,178.75
25/07/2014,10:05:00,178.5
25/07/2014,10:10:00,177.8
25/07/2014,10:15:00,177.8
25/07/2014,10:20:00,177.8
25/07/2014,10:25:00,177.25
25/07/2014,10:30:00,176.6
25/07/2014,10:35:00,177.0
25/07/2014,10:40:00,177.3
25/07/2014,10:45:00,177.65
25/07/2014,10:50:00,177.25
25/07/2014,10:55:00,177.65
25/07/2014,11:00:00,177.75
25/07/2014,11:05:00,177.45
25/07/2014,11:10:00,177.0
25/07/2014,11:15:00,177.3
25/07/2014,11:20:00,177.45
25/07/2014,11:25:00,177.5
25/07/2014,11:30:00,177.6
25/07/2014,11:35:00,177.75
25/07/2014,11:40:00,177.55
25/07/2014,11:45:00,177.35
25/07/2014,11:50:00,177.05
25/07/2014,11:55:00,177.3
25/07/2014,12:00:00,177.25
25/07/2014,12:05:00,177.35
25/07/2014,12:10:00,177.45
25/07/2014,12:15:00,177.25
25/07/2014,12:20:00,177.0
25/07/2014,12:25:00,177.1
25/07/2014,12:30:00,177.3
25/07/2014,12:35:00,177.25
25/07/2014,12:40:00,177.15
25/07/2014,12:45:00,177.35
25/07/2014,12:50:00,177.3
25/07/2014,12:55:00,177.4
25/07/2014,13:00:00,176.9
25/07/2014,13:05:00,176.6
25/07/2014,13:10:00,176.6
25/07/2014,13:15:00,176.6
25/07/2014,13:20:00,176.4
25/07/2014,13:25:00,176.2
25/07/2014,13:30:00,176.4
25/07/2014,13:35:00,176.5
25/07/2014,13:40:00,176.5
25/07/2014,13:45:00,176.05
25/07/2014,13:50:00,176.8
25/07/2014,13:55:00,176.6
25/07/2014,14:00:00,176.3
25/07/2014,14:05:00,176.45
25/07/2014,14:10:00,176.5
25/07/2014,14:15:00,176.7
25/07/2014,14:20:00,176.65
25/07/2014,14:25:00,176.45
25/07/2014,14:30:00,176.2
25/07/2014,14:35:00,176.0
25/07/2014,14:40:00,176.0
25/07/2014,14:45:00,175.85
25/07/2014,14:50:00,175.9
25/07/2014,14:55:00,176.0
25/07/2014,15:00:00,175.95
25/07/2014,15:05:00,175.95
25/07/2014,15:10:00,176.25
25/07/2014,15:15:00,176.4
25/07/2014,15:20:00,176.3
25/07/2014,15:25:00,176.2
25/07/2014,15:30:00,176.25
28/07/2014,09:20:00,175.9
28/07/2014,09:25:00,175.5
28/07/2014,09:30:00,175.5
28/07/2014,09:35:00,175.95
28/07/2014,09:40:00,176.0
28/07/2014,09:45:00,175.9
28/07/2014,09:50:00,175.9
28/07/2014,09:55:00,175.95
28/07/2014,10:00:00,175.95
28/07/2014,10:05:00,176.0
28/07/2014,10:10:00,175.95
28/07/2014,10:15:00,175.85
28/07/2014,10:20:00,175.45
28/07/2014,10:25:00,175.0
28/07/2014,10:30:00,174.9
28/07/2014,10:35:00,175.0
28/07/2014,10:40:00,174.8
28/07/2014,10:45:00,174.4
28/07/2014,10:50:00,173.9
28/07/2014,10:55:00,173.7
28/07/2014,11:00:00,173.6
28/07/2014,11:05:00,173.45
28/07/2014,11:10:00,173.75
28/07/2014,11:15:00,173.0
28/07/2014,11:20:00,173.0
28/07/2014,11:25:00,173.45
28/07/2014,11:30:00,173.35
28/07/2014,11:35:00,173.3
28/07/2014,11:40:00,173.5
28/07/2014,11:45:00,173.7
28/07/2014,11:50:00,173.75
28/07/2014,11:55:00,173.8
28/07/2014,12:00:00,174.1
28/07/2014,12:05:00,173.95
28/07/2014,12:10:00,173.75
28/07/2014,12:15:00,173.7
28/07/2014,12:20:00,173.75
28/07/2014,12:25:00,173.5
28/07/2014,12:30:00,173.45
28/07/2014,12:35:00,173.8
28/07/2014,12:40:00,173.55
28/07/2014,12:45:00,173.4
28/07/2014,12:50:00,173.0
28/07/2014,12:55:00,173.1
28/07/2014,13:00:00,173.0
28/07/2014,13:05:00,173.0
28/07/2014,13:10:00,173.0
28/07/2014,13:15:00,173.0
28/07/2014,13:20:00,173.0
28/07/2014,13:25:00,173.0
28/07/2014,13:30:00,173.0
28/07/2014,13:35:00,173.0
28/07/2014,13:40:00,172.85
28/07/2014,13:45:00,172.8
28/07/2014,13:50:00,172.95
28/07/2014,13:55:00,173.0
28/07/2014,14:00:00,172.85
28/07/2014,14:05:00,172.8
28/07/2014,14:10:00,172.3
28/07/2014,14:15:00,172.6
28/07/2014,14:20:00,172.6
28/07/2014,14:25:00,172.45
28/07/2014,14:30:00,172.45
28/07/2014,14:35:00,172.4
28/07/2014,14:40:00,172.55
28/07/2014,14:45:00,172.8
28/07/2014,14:50:00,172.5
28/07/2014,14:55:00,173.0
28/07/2014,15:00:00,173.0
28/07/2014,15:05:00,172.85
28/07/2014,15:10:00,173.0
28/07/2014,15:15:00,172.95
28/07/2014,15:20:00,173.0
28/07/2014,15:25:00,173.0
28/07/2014,15:30:00,172.7
30/07/2014,09:20:00,172.4
30/07/2014,09:25:00,172.1
30/07/2014,09:30:00,172.4
30/07/2014,09:35:00,172.6
30/07/2014,09:40:00,173.3
30/07/2014,09:45:00,173.8
30/07/2014,09:50:00,173.3
30/07/2014,09:55:00,173.3
30/07/2014,10:00:00,173.0
30/07/2014,10:05:00,173.15
30/07/2014,10:10:00,172.9
30/07/2014,10:15:00,172.85
30/07/2014,10:20:00,173.2
30/07/2014,10:25:00,172.2
30/07/2014,10:30:00,172.35
30/07/2014,10:35:00,171.7
30/07/2014,10:40:00,171.8
30/07/2014,10:45:00,171.1
30/07/2014,10:50:00,170.6
30/07/2014,10:55:00,170.1
30/07/2014,11:00:00,170.05
30/07/2014,11:05:00,170.2
30/07/2014,11:10:00,170.15
30/07/2014,11:15:00,170.3
30/07/2014,11:20:00,170.05
30/07/2014,11:25:00,169.8
30/07/2014,11:30:00,169.25
30/07/2014,11:35:00,169.55
30/07/2014,11:40:00,170.0
30/07/2014,11:45:00,170.6
30/07/2014,11:50:00,170.75
30/07/2014,11:55:00,170.65
30/07/2014,12:00:00,170.15
30/07/2014,12:05:00,170.8
30/07/2014,12:10:00,170.6
30/07/2014,12:15:00,170.25
30/07/2014,12:20:00,170.1
30/07/2014,12:25:00,170.35
30/07/2014,12:30:00,170.15
30/07/2014,12:35:00,170.3
30/07/2014,12:40:00,170.35
30/07/2014,12:45:00,170.35
30/07/2014,12:50:00,170.3
30/07/2014,12:55:00,170.25
30/07/2014,13:00:00,170.35
30/07/2014,13:05:00,170.55
30/07/2014,13:10:00,170.75
30/07/2014,13:15:00,171.0
30/07/2014,13:20:00,170.85
30/07/2014,13:25:00,170.4
30/07/2014,13:30:00,170.3
30/07/2014,13:35:00,170.85
30/07/2014,13:40:00,170.8
30/07/2014,13:45:00,171.45
30/07/2014,13:50:00,171.5
30/07/2014,13:55:00,171.65
30/07/2014,14:00:00,172.0
30/07/2014,14:05:00,172.55
30/07/2014,14:10:00,171.85
30/07/2014,14:15:00,172.0
30/07/2014,14:20:00,172.2
30/07/2014,14:25:00,172.35
30/07/2014,14:30:00,172.3
30/07/2014,14:35:00,171.9
30/07/2014,14:40:00,172.0
30/07/2014,14:45:00,171.55
30/07/2014,14:50:00,171.8
30/07/2014,14:55:00,172.05
30/07/2014,15:00:00,172.35
30/07/2014,15:05:00,172.0
30/07/2014,15:10:00,172.15
30/07/2014,15:15:00,172.15
30/07/2014,15:20:00,172.7
30/07/2014,15:25:00,171.85
30/07/2014,15:30:00,171.85
31/07/2014,09:20:00,171.75
31/07/2014,09:25:00,171.9
31/07/2014,09:30:00,170.9
31/07/2014,09:35:00,171.1
31/07/2014,09:40:00,170.6
31/07/2014,09:45:00,170.75
31/07/2014,09:50:00,170.75
31/07/2014,09:55:00,171.4
31/07/2014,10:00:00,170.8
31/07/2014,10:05:00,170.55
31/07/2014,10:10:00,170.95
31/07/2014,10:15:00,171.35
31/07/2014,10:20:00,171.4
31/07/2014,10:25:00,171.2
31/07/2014,10:30:00,171.2
31/07/2014,10:35:00,170.5
31/07/2014,10:40:00,170.6
31/07/2014,10:45:00,170.15
31/07/2014,10:50:00,170.55
31/07/2014,10:55:00,170.3
31/07/2014,11:00:00,170.35
31/07/2014,11:05:00,170.3
31/07/2014,11:10:00,170.4
31/07/2014,11:15:00,170.3
31/07/2014,11:20:00,170.15
31/07/2014,11:25:00,169.9
31/07/2014,11:30:00,169.85
31/07/2014,11:35:00,169.85
31/07/2014,11:40:00,169.6
31/07/2014,11:45:00,169.65
31/07/2014,11:50:00,169.6
31/07/2014,11:55:00,169.95
31/07/2014,12:00:00,170.05
31/07/2014,12:05:00,169.7
31/07/2014,12:10:00,170.0
31/07/2014,12:15:00,170.05
31/07/2014,12:20:00,170.1
31/07/2014,12:25:00,170.25
31/07/2014,12:30:00,170.15
31/07/2014,12:35:00,170.3
31/07/2014,12:40:00,170.1
31/07/2014,12:45:00,170.3
31/07/2014,12:50:00,170.35
31/07/2014,12:55:00,170.25
31/07/2014,13:00:00,170.25
31/07/2014,13:05:00,170.2
31/07/2014,13:10:00,170.2
31/07/2014,13:15:00,170.6
31/07/2014,13:20:00,170.7
31/07/2014,13:25:00,170.55
31/07/2014,13:30:00,170.25
31/07/2014,13:35:00,170.2
31/07/2014,13:40:00,170.15
31/07/2014,13:45:00,170.7
31/07/2014,13:50:00,170.1
31/07/2014,13:55:00,170.05
31/07/2014,14:00:00,170.0
31/07/2014,14:05:00,170.05
31/07/2014,14:10:00,170.95
31/07/2014,14:15:00,170.65
31/07/2014,14:20:00,170.25
31/07/2014,14:25:00,170.65
31/07/2014,14:30:00,170.2
31/07/2014,14:35:00,170.25
31/07/2014,14:40:00,170.15
31/07/2014,14:45:00,170.45
31/07/2014,14:50:00,170.8
31/07/2014,14:55:00,170.75
31/07/2014,15:00:00,170.65
31/07/2014,15:05:00,169.55
31/07/2014,15:10:00,169.85
31/07/2014,15:15:00,170.15
31/07/2014,15:20:00,170.25
31/07/2014,15:25:00,170.05
31/07/2014,15:30:00,170.45
01/08/2014,09:20:00,167.7
01/08/2014,09:25:00,169.0
01/08/2014,09:30:00,171.0
01/08/2014,09:35:00,170.25
01/08/2014,09:40:00,170.95
01/08/2014,09:45:00,171.0
01/08/2014,09:50:00,170.85
01/08/2014,09:55:00,171.4
01/08/2014,10:00:00,171.5
01/08/2014,10:05:00,171.7
01/08/2014,10:10:00,171.9
01/08/2014,10:15:00,171.5
01/08/2014,10:20:00,171.1
01/08/2014,10:25:00,171.25
01/08/2014,10:30:00,171.4
01/08/2014,10:35:00,170.85
01/08/2014,10:40:00,170.5
01/08/2014,10:45:00,170.4
01/08/2014,10:50:00,170.75
01/08/2014,10:55:00,169.65
01/08/2014,11:00:00,170.7
01/08/2014,11:05:00,170.45
01/08/2014,11:10:00,170.5
01/08/2014,11:15:00,170.35
01/08/2014,11:20:00,170.35
01/08/2014,11:25:00,169.9
01/08/2014,11:30:00,169.25
01/08/2014,11:35:00,169.3
01/08/2014,11:40:00,168.8
01/08/2014,11:45:00,168.55
01/08/2014,11:50:00,170.5
01/08/2014,11:55:00,170.6
01/08/2014,12:00:00,170.0
01/08/2014,12:05:00,170.55
01/08/2014,12:10:00,170.75
01/08/2014,12:15:00,171.15
01/08/2014,12:20:00,171.15
01/08/2014,12:25:00,171.35
01/08/2014,12:30:00,170.3
01/08/2014,12:35:00,170.5
01/08/2014,12:40:00,170.45
01/08/2014,12:45:00,170.65
01/08/2014,12:50:00,170.1
01/08/2014,12:55:00,170.15
01/08/2014,13:00:00,170.0
01/08/2014,13:05:00,169.9
01/08/2014,13:10:00,169.6
01/08/2014,13:15:00,169.55
01/08/2014,13:20:00,170.15
01/08/2014,13:25:00,169.35
01/08/2014,13:30:00,169.55
01/08/2014,13:35:00,169.6
01/08/2014,13:40:00,169.55
01/08/2014,13:45:00,169.5
01/08/2014,13:50:00,169.85
01/08/2014,13:55:00,169.1
01/08/2014,14:00:00,169.5
01/08/2014,14:05:00,169.7
01/08/2014,14:10:00,169.4
01/08/2014,14:15:00,169.25
01/08/2014,14:20:00,169.65
01/08/2014,14:25:00,169.6
01/08/2014,14:30:00,169.45
01/08/2014,14:35:00,169.45
01/08/2014,14:40:00,169.65
01/08/2014,14:45:00,169.6
01/08/2014,14:50:00,169.5
01/08/2014,14:55:00,169.4
01/08/2014,15:00:00,169.95
01/08/2014,15:05:00,169.3
01/08/2014,15:10:00,169.45
01/08/2014,15:15:00,169.6
01/08/2014,15:20:00,169.75
01/08/2014,15:25:00,170.75
01/08/2014,15:30:00,169.45
04/08/2014,09:20:00,170.65
04/08/2014,09:25:00,170.85
04/08/2014,09:30:00,171.0
04/08/2014,09:35:00,170.2
04/08/2014,09:40:00,170.25
04/08/2014,09:45:00,170.55
04/08/2014,09:50:00,170.75
04/08/2014,09:55:00,170.9
04/08/2014,10:00:00,170.85
04/08/2014,10:05:00,170.75
04/08/2014,10:10:00,170.7
04/08/2014,10:15:00,170.75
04/08/2014,10:20:00,170.8
04/08/2014,10:25:00,170.55
04/08/2014,10:30:00,170.75
04/08/2014,10:35:00,170.65
04/08/2014,10:40:00,170.7
04/08/2014,10:45:00,171.85
04/08/2014,10:50:00,172.6
04/08/2014,10:55:00,173.15
04/08/2014,11:00:00,172.7
04/08/2014,11:05:00,173.0
04/08/2014,11:10:00,173.3
04/08/2014,11:15:00,172.95
04/08/2014,11:20:00,173.35
04/08/2014,11:25:00,173.9
04/08/2014,11:30:00,173.75
04/08/2014,11:35:00,173.85
04/08/2014,11:40:00,173.85
04/08/2014,11:45:00,174.15
04/08/2014,11:50:00,174.5
04/08/2014,11:55:00,174.6
04/08/2014,12:00:00,174.15
04/08/2014,12:05:00,173.85
04/08/2014,12:10:00,173.6
04/08/2014,12:15:00,173.8
04/08/2014,12:20:00,173.7
04/08/2014,12:25:00,173.95
04/08/2014,12:30:00,173.8
04/08/2014,12:35:00,173.8
04/08/2014,12:40:00,173.7
04/08/2014,12:45:00,173.7
04/08/2014,12:50:00,173.6
04/08/2014,12:55:00,174.2
04/08/2014,13:00:00,174.15
04/08/2014,13:05:00,174.0
04/08/2014,13:10:00,173.95
04/08/2014,13:15:00,173.85
04/08/2014,13:20:00,173.85
04/08/2014,13:25:00,174.25
04/08/2014,13:30:00,173.95
04/08/2014,13:35:00,173.8
04/08/2014,13:40:00,173.7
04/08/2014,13:45:00,173.8
04/08/2014,13:50:00,173.6
04/08/2014,13:55:00,173.5
04/08/2014,14:00:00,173.65
04/08/2014,14:05:00,173.6
04/08/2014,14:10:00,173.6
04/08/2014,14:15:00,173.85
04/08/2014,14:20:00,173.6
04/08/2014,14:25:00,174.0
04/08/2014,14:30:00,173.9
04/08/2014,14:35:00,174.35
04/08/2014,14:40:00,174.35
04/08/2014,14:45:00,174.45
04/08/2014,14:50:00,174.75
04/08/2014,14:55:00,174.5
04/08/2014,15:00:00,174.25
04/08/2014,15:05:00,175.25
04/08/2014,15:10:00,175.75
04/08/2014,15:15:00,175.7
04/08/2014,15:20:00,175.65
04/08/2014,15:25:00,176.0
04/08/2014,15:30:00,175.45
05/08/2014,09:20:00,176.15
05/08/2014,09:25:00,175.35
05/08/2014,09:30:00,175.4
05/08/2014,09:35:00,175.0
05/08/2014,09:40:00,175.0
05/08/2014,09:45:00,175.05
05/08/2014,09:50:00,175.0
05/08/2014,09:55:00,174.9
05/08/2014,10:00:00,175.05
05/08/2014,10:05:00,175.05
05/08/2014,10:10:00,174.8
05/08/2014,10:15:00,174.95
05/08/2014,10:20:00,175.1
05/08/2014,10:25:00,174.85
05/08/2014,10:30:00,174.9
05/08/2014,10:35:00,174.9
05/08/2014,10:40:00,174.9
05/08/2014,10:45:00,174.55
05/08/2014,10:50:00,174.85
05/08/2014,10:55:00,174.9
05/08/2014,11:00:00,174.75
05/08/2014,11:05:00,174.65
05/08/2014,11:10:00,174.8
05/08/2014,11:15:00,174.75
05/08/2014,11:20:00,175.05
05/08/2014,11:25:00,175.0
05/08/2014,11:30:00,175.15
05/08/2014,11:35:00,175.1
05/08/2014,11:40:00,175.45
05/08/2014,11:45:00,175.75
05/08/2014,11:50:00,175.55
05/08/2014,11:55:00,175.55
05/08/2014,12:00:00,175.6
05/08/2014,12:05:00,175.6
05/08/2014,12:10:00,175.65
05/08/2014,12:15:00,174.6
05/08/2014,12:20:00,174.2
05/08/2014,12:25:00,174.35
05/08/2014,12:30:00,173.95
05/08/2014,12:35:00,173.65
05/08/2014,12:40:00,173.85
05/08/2014,12:45:00,173.7
05/08/2014,12:50:00,173.55
05/08/2014,12:55:00,174.15
05/08/2014,13:00:00,173.75
05/08/2014,13:05:00,174.05
05/08/2014,13:10:00,173.75
05/08/2014,13:15:00,173.3
05/08/2014,13:20:00,173.05
05/08/2014,13:25:00,172.85
05/08/2014,13:30:00,172.75
05/08/2014,13:35:00,173.1
05/08/2014,13:40:00,172.85
05/08/2014,13:45:00,173.05
05/08/2014,13:50:00,172.95
05/08/2014,13:55:00,172.75
05/08/2014,14:00:00,172.75
05/08/2014,14:05:00,173.5
05/08/2014,14:10:00,173.9
05/08/2014,14:15:00,174.35
05/08/2014,14:20:00,174.95
05/08/2014,14:25:00,174.45
05/08/2014,14:30:00,174.6
05/08/2014,14:35:00,174.55
05/08/2014,14:40:00,174.8
05/08/2014,14:45:00,174.8
05/08/2014,14:50:00,174.75
05/08/2014,14:55:00,174.65
05/08/2014,15:00:00,173.85
05/08/2014,15:05:00,174.5
05/08/2014,15:10:00,174.7
05/08/2014,15:15:00,174.35
05/08/2014,15:20:00,174.4
05/08/2014,15:25:00,174.5
05/08/2014,15:30:00,175.2
06/08/2014,09:20:00,172.7
06/08/2014,09:25:00,172.55
06/08/2014,09:30:00,172.6
06/08/2014,09:35:00,172.85
06/08/2014,09:40:00,172.85
06/08/2014,09:45:00,172.8
06/08/2014,09:50:00,173.35
06/08/2014,09:55:00,173.6
06/08/2014,10:00:00,173.85
06/08/2014,10:05:00,173.95
06/08/2014,10:10:00,173.4
06/08/2014,10:15:00,173.25
06/08/2014,10:20:00,172.85
06/08/2014,10:25:00,172.75
06/08/2014,10:30:00,172.8
06/08/2014,10:35:00,172.8
06/08/2014,10:40:00,172.85
06/08/2014,10:45:00,172.8
06/08/2014,10:50:00,172.75
06/08/2014,10:55:00,172.85
06/08/2014,11:00:00,172.8
06/08/2014,11:05:00,172.9
06/08/2014,11:10:00,173.0
06/08/2014,11:15:00,172.85
06/08/2014,11:20:00,172.95
06/08/2014,11:25:00,173.0
06/08/2014,11:30:00,173.35
06/08/2014,11:35:00,173.9
06/08/2014,11:40:00,173.7
06/08/2014,11:45:00,173.55
06/08/2014,11:50:00,174.0
06/08/2014,11:55:00,173.4
06/08/2014,12:00:00,173.9
06/08/2014,12:05:00,173.8
06/08/2014,12:10:00,173.5
06/08/2014,12:15:00,173.2
06/08/2014,12:20:00,173.45
06/08/2014,12:25:00,173.3
06/08/2014,12:30:00,173.75
06/08/2014,12:35:00,173.7
06/08/2014,12:40:00,173.25
06/08/2014,12:45:00,173.45
06/08/2014,12:50:00,173.8
06/08/2014,12:55:00,174.25
06/08/2014,13:00:00,174.2
06/08/2014,13:05:00,173.6
06/08/2014,13:10:00,173.55
06/08/2014,13:15:00,173.65
06/08/2014,13:20:00,173.6
06/08/2014,13:25:00,173.5
06/08/2014,13:30:00,173.6
06/08/2014,13:35:00,173.9
06/08/2014,13:40:00,173.85
06/08/2014,13:45:00,173.95
06/08/2014,13:50:00,173.9
06/08/2014,13:55:00,173.95
06/08/2014,14:00:00,174.1
06/08/2014,14:05:00,173.8
06/08/2014,14:10:00,173.95
06/08/2014,14:15:00,173.95
06/08/2014,14:20:00,173.45
06/08/2014,14:25:00,173.2
06/08/2014,14:30:00,173.55
06/08/2014,14:35:00,173.25
06/08/2014,14:40:00,172.75
06/08/2014,14:45:00,172.7
06/08/2014,14:50:00,173.05
06/08/2014,14:55:00,172.95
06/08/2014,15:00:00,173.05
06/08/2014,15:05:00,172.9
06/08/2014,15:10:00,172.9
06/08/2014,15:15:00,172.85
06/08/2014,15:20:00,173.0
06/08/2014,15:25:00,173.25
06/08/2014,15:30:00,173.45
07/08/2014,09:20:00,172.9
07/08/2014,09:25:00,172.8
07/08/2014,09:30:00,172.8
07/08/2014,09:35:00,172.8
07/08/2014,09:40:00,172.15
07/08/2014,09:45:00,172.75
07/08/2014,09:50:00,172.45
07/08/2014,09:55:00,172.85
07/08/2014,10:00:00,172.65
07/08/2014,10:05:00,173.0
07/08/2014,10:10:00,173.85
07/08/2014,10:15:00,173.2
07/08/2014,10:20:00,173.15
07/08/2014,10:25:00,173.05
07/08/2014,10:30:00,173.1
07/08/2014,10:35:00,173.1
07/08/2014,10:40:00,173.45
07/08/2014,10:45:00,173.1
07/08/2014,10:50:00,172.8
07/08/2014,10:55:00,172.5
07/08/2014,11:00:00,173.6
07/08/2014,11:05:00,173.5
07/08/2014,11:10:00,173.3
07/08/2014,11:15:00,173.05
07/08/2014,11:20:00,173.25
07/08/2014,11:25:00,173.25
07/08/2014,11:30:00,173.45
07/08/2014,11:35:00,173.7
07/08/2014,11:40:00,173.65
07/08/2014,11:45:00,173.85
07/08/2014,11:50:00,173.5
07/08/2014,11:55:00,173.5
07/08/2014,12:00:00,173.4
07/08/2014,12:05:00,173.45
07/08/2014,12:10:00,173.8
07/08/2014,12:15:00,173.6
07/08/2014,12:20:00,173.55
07/08/2014,12:25:00,173.6
07/08/2014,12:30:00,173.85
07/08/2014,12:35:00,173.55
07/08/2014,12:40:00,173.8
07/08/2014,12:45:00,173.6
07/08/2014,12:50:00,173.6
07/08/2014,12:55:00,173.5
07/08/2014,13:00:00,173.7
07/08/2014,13:05:00,173.7
07/08/2014,13:10:00,173.75
07/08/2014,13:15:00,173.7
07/08/2014,13:20:00,173.7
07/08/2014,13:25:00,173.55
07/08/2014,13:30:00,173.5
07/08/2014,13:35:00,173.65
07/08/2014,13:40:00,173.75
07/08/2014,13:45:00,173.6
07/08/2014,13:50:00,173.7
07/08/2014,13:55:00,174.15
07/08/2014,14:00:00,174.3
07/08/2014,14:05:00,174.0
07/08/2014,14:10:00,173.95
07/08/2014,14:15:00,173.65
07/08/2014,14:20:00,173.85
07/08/2014,14:25:00,174.0
07/08/2014,14:30:00,174.65
07/08/2014,14:35:00,173.85
07/08/2014,14:40:00,173.7
07/08/2014,14:45:00,174.0
07/08/2014,14:50:00,173.65
07/08/2014,14:55:00,173.5
07/08/2014,15:00:00,173.55
07/08/2014,15:05:00,173.5
07/08/2014,15:10:00,173.7
07/08/2014,15:15:00,173.75
07/08/2014,15:20:00,173.75
07/08/2014,15:25:00,174.05
07/08/2014,15:30:00,174.2
08/08/2014,09:20:00,171.45
08/08/2014,09:25:00,172.1
08/08/2014,09:30:00,171.7
08/08/2014,09:35:00,171.5
08/08/2014,09:40:00,171.25
08/08/2014,09:45:00,171.45
08/08/2014,09:50:00,171.65
08/08/2014,09:55:00,171.75
08/08/2014,10:00:00,171.7
08/08/2014,10:05:00,171.5
08/08/2014,10:10:00,171.8
08/08/2014,10:15:00,171.95
08/08/2014,10:20:00,171.95
08/08/2014,10:25:00,171.9
08/08/2014,10:30:00,172.0
08/08/2014,10:35:00,172.0
08/08/2014,10:40:00,171.7
08/08/2014,10:45:00,171.35
08/08/2014,10:50:00,171.6
08/08/2014,10:55:00,171.45
08/08/2014,11:00:00,171.3
08/08/2014,11:05:00,171.45
08/08/2014,11:10:00,171.4
08/08/2014,11:15:00,171.45
08/08/2014,11:20:00,171.15
08/08/2014,11:25:00,171.4
08/08/2014,11:30:00,171.4
08/08/2014,11:35:00,171.2
08/08/2014,11:40:00,170.75
08/08/2014,11:45:00,170.4
08/08/2014,11:50:00,170.1
08/08/2014,11:55:00,170.4
08/08/2014,12:00:00,170.45
08/08/2014,12:05:00,170.9
08/08/2014,12:10:00,170.8
08/08/2014,12:15:00,171.1
08/08/2014,12:20:00,171.0
08/08/2014,12:25:00,171.15
08/08/2014,12:30:00,171.1
08/08/2014,12:35:00,171.05
08/08/2014,12:40:00,171.0
08/08/2014,12:45:00,171.1
08/08/2014,12:50:00,171.0
08/08/2014,12:55:00,171.1
08/08/2014,13:00:00,171.05
08/08/2014,13:05:00,170.5
08/08/2014,13:10:00,170.75
08/08/2014,13:15:00,170.55
08/08/2014,13:20:00,170.55
08/08/2014,13:25:00,170.5
08/08/2014,13:30:00,170.85
08/08/2014,13:35:00,170.85
08/08/2014,13:40:00,170.65
08/08/2014,13:45:00,172.4
08/08/2014,13:50:00,171.35
08/08/2014,13:55:00,171.3
08/08/2014,14:00:00,170.9
08/08/2014,14:05:00,171.2
08/08/2014,14:10:00,171.65
08/08/2014,14:15:00,171.5
08/08/2014,14:20:00,171.45
08/08/2014,14:25:00,171.35
08/08/2014,14:30:00,171.6
08/08/2014,14:35:00,171.6
08/08/2014,14:40:00,171.55
08/08/2014,14:45:00,171.55
08/08/2014,14:50:00,171.5
08/08/2014,14:55:00,171.6
08/08/2014,15:00:00,171.6
08/08/2014,15:05:00,171.65
08/08/2014,15:10:00,170.9
08/08/2014,15:15:00,171.05
08/08/2014,15:20:00,171.1
08/08/2014,15:25:00,171.2
08/08/2014,15:30:00,171.4
11/08/2014,09:20:00,172.3
11/08/2014,09:25:00,172.25
11/08/2014,09:30:00,171.75
11/08/2014,09:35:00,171.5
11/08/2014,09:40:00,171.55
11/08/2014,09:45:00,171.85
11/08/2014,09:50:00,171.6
11/08/2014,09:55:00,172.0
11/08/2014,10:00:00,171.55
11/08/2014,10:05:00,171.75
11/08/2014,10:10:00,171.55
11/08/2014,10:15:00,171.55
11/08/2014,10:20:00,171.35
11/08/2014,10:25:00,171.3
11/08/2014,10:30:00,171.7
11/08/2014,10:35:00,171.6
11/08/2014,10:40:00,171.7
11/08/2014,10:45:00,171.55
11/08/2014,10:50:00,171.4
11/08/2014,10:55:00,171.3
11/08/2014,11:00:00,171.3
11/08/2014,11:05:00,170.95
11/08/2014,11:10:00,170.85
11/08/2014,11:15:00,170.8
11/08/2014,11:20:00,170.5
11/08/2014,11:25:00,171.3
11/08/2014,11:30:00,171.3
11/08/2014,11:35:00,171.25
11/08/2014,11:40:00,171.0
11/08/2014,11:45:00,170.95
11/08/2014,11:50:00,170.6
11/08/2014,11:55:00,170.75
11/08/2014,12:00:00,170.85
11/08/2014,12:05:00,170.9
11/08/2014,12:10:00,170.75
11/08/2014,12:15:00,170.75
11/08/2014,12:20:00,170.9
11/08/2014,12:25:00,170.75
11/08/2014,12:30:00,171.0
11/08/2014,12:35:00,170.95
11/08/2014,12:40:00,170.95
11/08/2014,12:45:00,170.8
11/08/2014,12:50:00,170.75
11/08/2014,12:55:00,171.05
11/08/2014,13:00:00,171.15
11/08/2014,13:05:00,170.95
11/08/2014,13:10:00,170.8
11/08/2014,13:15:00,170.8
11/08/2014,13:20:00,171.0
11/08/2014,13:25:00,170.85
11/08/2014,13:30:00,171.0
11/08/2014,13:35:00,171.0
11/08/2014,13:40:00,171.1
11/08/2014,13:45:00,171.0
11/08/2014,13:50:00,171.5
11/08/2014,13:55:00,171.1
11/08/2014,14:00:00,171.3
11/08/2014,14:05:00,171.6
11/08/2014,14:10:00,171.45
11/08/2014,14:15:00,171.05
11/08/2014,14:20:00,171.0
11/08/2014,14:25:00,171.25
11/08/2014,14:30:00,170.9
11/08/2014,14:35:00,171.15
11/08/2014,14:40:00,171.25
11/08/2014,14:45:00,171.3
11/08/2014,14:50:00,171.4
11/08/2014,14:55:00,171.45
11/08/2014,15:00:00,171.45
11/08/2014,15:05:00,171.75
11/08/2014,15:10:00,172.2
11/08/2014,15:15:00,172.2
11/08/2014,15:20:00,172.05
11/08/2014,15:25:00,172.2
11/08/2014,15:30:00,172.1
12/08/2014,09:20:00,173.7
12/08/2014,09:25:00,173.05
12/08/2014,09:30:00,173.0
12/08/2014,09:35:00,173.15
12/08/2014,09:40:00,173.0
12/08/2014,09:45:00,173.05
12/08/2014,09:50:00,173.2
12/08/2014,09:55:00,173.15
12/08/2014,10:00:00,173.05
12/08/2014,10:05:00,173.4
12/08/2014,10:10:00,172.85
12/08/2014,10:15:00,172.85
12/08/2014,10:20:00,172.4
12/08/2014,10:25:00,172.4
12/08/2014,10:30:00,172.2
12/08/2014,10:35:00,172.4
12/08/2014,10:40:00,172.5
12/08/2014,10:45:00,172.5
12/08/2014,10:50:00,172.6
12/08/2014,10:55:00,172.6
12/08/2014,11:00:00,172.95
12/08/2014,11:05:00,172.9
12/08/2014,11:10:00,172.6
12/08/2014,11:15:00,172.85
12/08/2014,11:20:00,172.95
12/08/2014,11:25:00,172.85
12/08/2014,11:30:00,173.0
12/08/2014,11:35:00,173.1
12/08/2014,11:40:00,172.95
12/08/2014,11:45:00,173.0
12/08/2014,11:50:00,172.95
12/08/2014,11:55:00,172.7
12/08/2014,12:00:00,172.7
12/08/2014,12:05:00,172.85
12/08/2014,12:10:00,172.7
12/08/2014,12:15:00,172.95
12/08/2014,12:20:00,173.55
12/08/2014,12:25:00,173.35
12/08/2014,12:30:00,172.95
12/08/2014,12:35:00,172.85
12/08/2014,12:40:00,173.2
12/08/2014,12:45:00,172.95
12/08/2014,12:50:00,173.15
12/08/2014,12:55:00,172.85
12/08/2014,13:00:00,172.75
12/08/2014,13:05:00,172.9
12/08/2014,13:10:00,172.9
12/08/2014,13:15:00,173.05
12/08/2014,13:20:00,173.05
12/08/2014,13:25:00,173.1
12/08/2014,13:30:00,173.05
12/08/2014,13:35:00,173.05
12/08/2014,13:40:00,173.05
12/08/2014,13:45:00,173.0
12/08/2014,13:50:00,172.8
12/08/2014,13:55:00,172.75
12/08/2014,14:00:00,172.5
12/08/2014,14:05:00,172.3
12/08/2014,14:10:00,172.55
12/08/2014,14:15:00,172.6
12/08/2014,14:20:00,172.65
12/08/2014,14:25:00,172.8
12/08/2014,14:30:00,172.85
12/08/2014,14:35:00,173.0
12/08/2014,14:40:00,172.95
12/08/2014,14:45:00,173.0
12/08/2014,14:50:00,173.5
12/08/2014,14:55:00,173.7
12/08/2014,15:00:00,173.5
12/08/2014,15:05:00,173.5
12/08/2014,15:10:00,173.45
12/08/2014,15:15:00,173.05
12/08/2014,15:20:00,173.2
12/08/2014,15:25:00,173.5
12/08/2014,15:30:00,173.3
13/08/2014,09:20:00,176.9
13/08/2014,09:25:00,178.3
13/08/2014,09:30:00,178.1
13/08/2014,09:35:00,177.8
13/08/2014,09:40:00,177.75
13/08/2014,09:45:00,178.7
13/08/2014,09:50:00,178.85
13/08/2014,09:55:00,178.65
13/08/2014,10:00:00,178.75
13/08/2014,10:05:00,178.9
13/08/2014,10:10:00,178.75
13/08/2014,10:15:00,178.6
13/08/2014,10:20:00,178.2
13/08/2014,10:25:00,177.9
13/08/2014,10:30:00,178.4
13/08/2014,10:35:00,178.4
13/08/2014,10:40:00,178.6
13/08/2014,10:45:00,178.2
13/08/2014,10:50:00,178.0
13/08/2014,10:55:00,177.9
13/08/2014,11:00:00,177.85
13/08/2014,11:05:00,177.95
13/08/2014,11:10:00,177.5
13/08/2014,11:15:00,176.65
13/08/2014,11:20:00,177.15
13/08/2014,11:25:00,176.85
13/08/2014,11:30:00,177.7
13/08/2014,11:35:00,177.45
13/08/2014,11:40:00,177.4
13/08/2014,11:45:00,176.7
13/08/2014,11:50:00,176.8
13/08/2014,11:55:00,176.75
13/08/2014,12:00:00,176.8
13/08/2014,12:05:00,176.7
13/08/2014,12:10:00,176.55
13/08/2014,12:15:00,176.6
13/08/2014,12:20:00,176.7
13/08/2014,12:25:00,176.25
13/08/2014,12:30:00,175.8
13/08/2014,12:35:00,176.1
13/08/2014,12:40:00,176.2
13/08/2014,12:45:00,176.15
13/08/2014,12:50:00,175.4
13/08/2014,12:55:00,175.3
13/08/2014,13:00:00,174.7
13/08/2014,13:05:00,174.5
13/08/2014,13:10:00,174.35
13/08/2014,13:15:00,173.85
13/08/2014,13:20:00,174.1
13/08/2014,13:25:00,173.8
13/08/2014,13:30:00,174.15
13/08/2014,13:35:00,174.7
13/08/2014,13:40:00,174.55
13/08/2014,13:45:00,174.7
13/08/2014,13:50:00,174.9
13/08/2014,13:55:00,174.7
13/08/2014,14:00:00,174.35
13/08/2014,14:05:00,174.95
13/08/2014,14:10:00,174.75
13/08/2014,14:15:00,174.7
13/08/2014,14:20:00,174.6
13/08/2014,14:25:00,174.65
13/08/2014,14:30:00,174.9
13/08/2014,14:35:00,174.85
13/08/2014,14:40:00,174.3
13/08/2014,14:45:00,174.5
13/08/2014,14:50:00,174.25
13/08/2014,14:55:00,174.0
13/08/2014,15:00:00,174.55
13/08/2014,15:05:00,174.35
13/08/2014,15:10:00,174.85
13/08/2014,15:15:00,174.05
13/08/2014,15:20:00,174.1
13/08/2014,15:25:00,174.0
13/08/2014,15:30:00,174.0
14/08/2014,09:20:00,174.7
14/08/2014,09:25:00,175.35
14/08/2014,09:30:00,175.05
14/08/2014,09:35:00,175.4
14/08/2014,09:40:00,175.45
14/08/2014,09:45:00,175.4
14/08/2014,09:50:00,175.45
14/08/2014,09:55:00,175.0
14/08/2014,10:00:00,175.1
14/08/2014,10:05:00,174.75
14/08/2014,10:10:00,174.25
14/08/2014,10:15:00,174.55
14/08/2014,10:20:00,174.65
14/08/2014,10:25:00,174.55
14/08/2014,10:30:00,174.45
14/08/2014,10:35:00,174.4
14/08/2014,10:40:00,174.65
14/08/2014,10:45:00,174.9
14/08/2014,10:50:00,174.9
14/08/2014,10:55:00,175.15
14/08/2014,11:00:00,175.4
14/08/2014,11:05:00,175.4
14/08/2014,11:10:00,175.0
14/08/2014,11:15:00,174.95
14/08/2014,11:20:00,175.05
14/08/2014,11:25:00,174.95
14/08/2014,11:30:00,175.05
14/08/2014,11:35:00,174.9
14/08/2014,11:40:00,174.65
14/08/2014,11:45:00,174.65
14/08/2014,11:50:00,174.5
14/08/2014,11:55:00,174.7
14/08/2014,12:00:00,174.5
14/08/2014,12:05:00,174.7
14/08/2014,12:10:00,174.25
14/08/2014,12:15:00,174.6
14/08/2014,12:20:00,174.7
14/08/2014,12:25:00,174.75
14/08/2014,12:30:00,174.7
14/08/2014,12:35:00,174.5
14/08/2014,12:40:00,174.75
14/08/2014,12:45:00,174.7
14/08/2014,12:50:00,174.65
14/08/2014,12:55:00,174.75
14/08/2014,13:00:00,174.75
14/08/2014,13:05:00,174.65
14/08/2014,13:10:00,174.35
14/08/2014,13:15:00,174.35
14/08/2014,13:20:00,174.3
14/08/2014,13:25:00,174.35
14/08/2014,13:30:00,174.75
14/08/2014,13:35:00,174.65
14/08/2014,13:40:00,174.55
14/08/2014,13:45:00,174.4
14/08/2014,13:50:00,174.45
14/08/2014,13:55:00,174.45
14/08/2014,14:00:00,174.4
14/08/2014,14:05:00,174.15
14/08/2014,14:10:00,174.15
14/08/2014,14:15:00,174.35
14/08/2014,14:20:00,174.7
14/08/2014,14:25:00,174.55
14/08/2014,14:30:00,174.25
14/08/2014,14:35:00,174.15
14/08/2014,14:40:00,174.25
14/08/2014,14:45:00,174.35
14/08/2014,14:50:00,174.2
14/08/2014,14:55:00,174.1
14/08/2014,15:00:00,174.15
14/08/2014,15:05:00,174.5
14/08/2014,15:10:00,174.2
14/08/2014,15:15:00,174.55
14/08/2014,15:20:00,174.55
14/08/2014,15:25:00,174.5
14/08/2014,15:30:00,174.8
18/08/2014,09:20:00,174.95
18/08/2014,09:25:00,175.25
18/08/2014,09:30:00,175.45
18/08/2014,09:35:00,175.4
18/08/2014,09:40:00,175.6
18/08/2014,09:45:00,175.25
18/08/2014,09:50:00,175.0
18/08/2014,09:55:00,175.35
18/08/2014,10:00:00,175.4
18/08/2014,10:05:00,175.25
18/08/2014,10:10:00,175.25
18/08/2014,10:15:00,175.25
18/08/2014,10:20:00,175.2
18/08/2014,10:25:00,175.2
18/08/2014,10:30:00,175.25
18/08/2014,10:35:00,175.4
18/08/2014,10:40:00,175.45
18/08/2014,10:45:00,175.5
18/08/2014,10:50:00,175.7
18/08/2014,10:55:00,176.7
18/08/2014,11:00:00,176.4
18/08/2014,11:05:00,176.35
18/08/2014,11:10:00,176.5
18/08/2014,11:15:00,176.5
18/08/2014,11:20:00,176.5
18/08/2014,11:25:00,176.45
18/08/2014,11:30:00,176.4
18/08/2014,11:35:00,176.6
18/08/2014,11:40:00,177.0
18/08/2014,11:45:00,176.95
18/08/2014,11:50:00,176.7
18/08/2014,11:55:00,176.7
18/08/2014,12:00:00,176.65
18/08/2014,12:05:00,176.4
18/08/2014,12:10:00,176.45
18/08/2014,12:15:00,176.65
18/08/2014,12:20:00,176.65
18/08/2014,12:25:00,176.55
18/08/2014,12:30:00,176.7
18/08/2014,12:35:00,176.7
18/08/2014,12:40:00,176.9
18/08/2014,12:45:00,176.75
18/08/2014,12:50:00,176.8
18/08/2014,12:55:00,175.2
18/08/2014,13:00:00,175.0
18/08/2014,13:05:00,174.4
18/08/2014,13:10:00,174.5
18/08/2014,13:15:00,174.45
18/08/2014,13:20:00,173.85
18/08/2014,13:25:00,174.0
18/08/2014,13:30:00,174.0
18/08/2014,13:35:00,173.95
18/08/2014,13:40:00,174.4
18/08/2014,13:45:00,174.55
18/08/2014,13:50:00,174.6
18/08/2014,13:55:00,174.95
18/08/2014,14:00:00,174.85
18/08/2014,14:05:00,175.3
18/08/2014,14:10:00,175.35
18/08/2014,14:15:00,175.35
18/08/2014,14:20:00,175.3
18/08/2014,14:25:00,175.35
18/08/2014,14:30:00,175.6
18/08/2014,14:35:00,175.9
18/08/2014,14:40:00,175.7
18/08/2014,14:45:00,175.75
18/08/2014,14:50:00,175.65
18/08/2014,14:55:00,175.55
18/08/2014,15:00:00,175.5
18/08/2014,15:05:00,175.9
18/08/2014,15:10:00,175.6
18/08/2014,15:15:00,175.85
18/08/2014,15:20:00,175.7
18/08/2014,15:25:00,175.6
18/08/2014,15:30:00,176.25
19/08/2014,09:20:00,177.3
19/08/2014,09:25:00,176.6
19/08/2014,09:30:00,177.8
19/08/2014,09:35:00,177.6
19/08/2014,09:40:00,177.0
19/08/2014,09:45:00,177.1
19/08/2014,09:50:00,176.5
19/08/2014,09:55:00,176.6
19/08/2014,10:00:00,176.8
19/08/2014,10:05:00,176.5
19/08/2014,10:10:00,176.8
19/08/2014,10:15:00,176.75
19/08/2014,10:20:00,176.15
19/08/2014,10:25:00,176.35
19/08/2014,10:30:00,176.55
19/08/2014,10:35:00,176.7
19/08/2014,10:40:00,176.8
19/08/2014,10:45:00,176.85
19/08/2014,10:50:00,176.9
19/08/2014,10:55:00,176.85
19/08/2014,11:00:00,176.7
19/08/2014,11:05:00,177.1
19/08/2014,11:10:00,177.0
19/08/2014,11:15:00,177.2
19/08/2014,11:20:00,176.85
19/08/2014,11:25:00,177.05
19/08/2014,11:30:00,177.05
19/08/2014,11:35:00,176.8
19/08/2014,11:40:00,176.9
19/08/2014,11:45:00,177.15
19/08/2014,11:50:00,177.05
19/08/2014,11:55:00,176.95
19/08/2014,12:00:00,176.85
19/08/2014,12:05:00,176.95
19/08/2014,12:10:00,176.95
19/08/2014,12:15:00,176.95
19/08/2014,12:20:00,176.55
19/08/2014,12:25:00,176.75
19/08/2014,12:30:00,177.0
19/08/2014,12:35:00,176.95
19/08/2014,12:40:00,177.3
19/08/2014,12:45:00,176.95
19/08/2014,12:50:00,177.1
19/08/2014,12:55:00,177.2
19/08/2014,13:00:00,177.15
19/08/2014,13:05:00,177.0
19/08/2014,13:10:00,177.0
19/08/2014,13:15:00,177.1
19/08/2014,13:20:00,177.05
19/08/2014,13:25:00,177.0
19/08/2014,13:30:00,176.9
19/08/2014,13:35:00,176.85
19/08/2014,13:40:00,176.95
19/08/2014,13:45:00,176.75
19/08/2014,13:50:00,176.8
19/08/2014,13:55:00,176.8
19/08/2014,14:00:00,176.9
19/08/2014,14:05:00,176.85
19/08/2014,14:10:00,176.95
19/08/2014,14:15:00,176.95
19/08/2014,14:20:00,176.85
19/08/2014,14:25:00,176.85
19/08/2014,14:30:00,176.7
19/08/2014,14:35:00,176.95
19/08/2014,14:40:00,176.95
19/08/2014,14:45:00,176.8
19/08/2014,14:50:00,176.85
19/08/2014,14:55:00,176.9
19/08/2014,15:00:00,176.85
19/08/2014,15:05:00,176.85
19/08/2014,15:10:00,177.0
19/08/2014,15:15:00,176.9
19/08/2014,15:20:00,176.95
19/08/2014,15:25:00,176.95
19/08/2014,15:30:00,177.0
20/08/2014,09:20:00,176.9
20/08/2014,09:25:00,176.75
20/08/2014,09:30:00,176.95
20/08/2014,09:35:00,177.0
20/08/2014,09:40:00,176.95
20/08/2014,09:45:00,177.0
20/08/2014,09:50:00,176.9
20/08/2014,09:55:00,176.95
20/08/2014,10:00:00,176.95
20/08/2014,10:05:00,177.0
20/08/2014,10:10:00,177.0
20/08/2014,10:15:00,177.0
20/08/2014,10:20:00,177.7
20/08/2014,10:25:00,176.95
20/08/2014,10:30:00,177.0
20/08/2014,10:35:00,176.95
20/08/2014,10:40:00,176.95
20/08/2014,10:45:00,177.0
20/08/2014,10:50:00,176.9
20/08/2014,10:55:00,176.95
20/08/2014,11:00:00,176.95
20/08/2014,11:05:00,177.05
20/08/2014,11:10:00,177.1
20/08/2014,11:15:00,177.1
20/08/2014,11:20:00,177.2
20/08/2014,11:25:00,177.45
20/08/2014,11:30:00,177.5
20/08/2014,11:35:00,177.4
20/08/2014,11:40:00,177.35
20/08/2014,11:45:00,177.4
20/08/2014,11:50:00,177.55
20/08/2014,11:55:00,177.3
20/08/2014,12:00:00,177.35
20/08/2014,12:05:00,177.1
20/08/2014,12:10:00,177.3
20/08/2014,12:15:00,177.35
20/08/2014,12:20:00,177.45
20/08/2014,12:25:00,177.9
20/08/2014,12:30:00,178.1
20/08/2014,12:35:00,178.1
20/08/2014,12:40:00,177.6
20/08/2014,12:45:00,177.95
20/08/2014,12:50:00,177.55
20/08/2014,12:55:00,176.9
20/08/2014,13:00:00,176.95
20/08/2014,13:05:00,176.95
20/08/2014,13:10:00,177.1
20/08/2014,13:15:00,177.0
20/08/2014,13:20:00,176.95
20/08/2014,13:25:00,176.8
20/08/2014,13:30:00,176.8
20/08/2014,13:35:00,176.75
20/08/2014,13:40:00,176.65
20/08/2014,13:45:00,176.7
20/08/2014,13:50:00,176.9
20/08/2014,13:55:00,177.2
20/08/2014,14:00:00,177.15
20/08/2014,14:05:00,177.2
20/08/2014,14:10:00,176.9
20/08/2014,14:15:00,176.8
20/08/2014,14:20:00,176.95
20/08/2014,14:25:00,177.1
20/08/2014,14:30:00,177.65
20/08/2014,14:35:00,177.45
20/08/2014,14:40:00,177.3
20/08/2014,14:45:00,177.15
20/08/2014,14:50:00,177.0
20/08/2014,14:55:00,176.8
20/08/2014,15:00:00,176.65
20/08/2014,15:05:00,176.5
20/08/2014,15:10:00,176.4
20/08/2014,15:15:00,176.3
20/08/2014,15:20:00,176.1
20/08/2014,15:25:00,176.0
20/08/2014,15:30:00,176.0
21/08/2014,09:20:00,173.65
21/08/2014,09:25:00,173.55
21/08/2014,09:30:00,174.1
21/08/2014,09:35:00,174.0
21/08/2014,09:40:00,173.9
21/08/2014,09:45:00,173.5
21/08/2014,09:50:00,173.45
21/08/2014,09:55:00,173.45
21/08/2014,10:00:00,173.65
21/08/2014,10:05:00,173.75
21/08/2014,10:10:00,173.8
21/08/2014,10:15:00,174.0
21/08/2014,10:20:00,174.0
21/08/2014,10:25:00,173.9
21/08/2014,10:30:00,174.6
21/08/2014,10:35:00,174.65
21/08/2014,10:40:00,174.65
21/08/2014,10:45:00,174.65
21/08/2014,10:50:00,174.95
21/08/2014,10:55:00,174.95
21/08/2014,11:00:00,175.0
21/08/2014,11:05:00,175.0
21/08/2014,11:10:00,174.95
21/08/2014,11:15:00,174.85
21/08/2014,11:20:00,174.8
21/08/2014,11:25:00,174.9
21/08/2014,11:30:00,174.8
21/08/2014,11:35:00,174.8
21/08/2014,11:40:00,175.25
21/08/2014,11:45:00,175.1
21/08/2014,11:50:00,174.85
21/08/2014,11:55:00,174.9
21/08/2014,12:00:00,174.9
21/08/2014,12:05:00,174.75
21/08/2014,12:10:00,175.0
21/08/2014,12:15:00,174.95
21/08/2014,12:20:00,174.9
21/08/2014,12:25:00,174.9
21/08/2014,12:30:00,174.95
21/08/2014,12:35:00,174.9
21/08/2014,12:40:00,175.0
21/08/2014,12:45:00,174.75
21/08/2014,12:50:00,174.55
21/08/2014,12:55:00,174.85
21/08/2014,13:00:00,174.5
21/08/2014,13:05:00,174.75
21/08/2014,13:10:00,174.8
21/08/2014,13:15:00,174.85
21/08/2014,13:20:00,174.8
21/08/2014,13:25:00,174.7
21/08/2014,13:30:00,174.75
21/08/2014,13:35:00,174.9
21/08/2014,13:40:00,174.85
21/08/2014,13:45:00,175.15
21/08/2014,13:50:00,175.5
21/08/2014,13:55:00,175.45
21/08/2014,14:00:00,175.05
21/08/2014,14:05:00,175.1
21/08/2014,14:10:00,175.35
21/08/2014,14:15:00,175.3
21/08/2014,14:20:00,175.5
21/08/2014,14:25:00,175.45
21/08/2014,14:30:00,175.35
21/08/2014,14:35:00,175.45
21/08/2014,14:40:00,175.4
21/08/2014,14:45:00,175.65
21/08/2014,14:50:00,175.9
21/08/2014,14:55:00,175.4
21/08/2014,15:00:00,175.5
21/08/2014,15:05:00,175.25
21/08/2014,15:10:00,175.25
21/08/2014,15:15:00,175.3
21/08/2014,15:20:00,174.7
21/08/2014,15:25:00,174.45
21/08/2014,15:30:00,174.1
22/08/2014,09:20:00,175.5
22/08/2014,09:25:00,175.45
22/08/2014,09:30:00,175.4
22/08/2014,09:35:00,175.4
22/08/2014,09:40:00,175.4
22/08/2014,09:45:00,175.4
22/08/2014,09:50:00,175.15
22/08/2014,09:55:00,175.4
22/08/2014,10:00:00,175.5
22/08/2014,10:05:00,175.45
22/08/2014,10:10:00,175.4
22/08/2014,10:15:00,175.4
22/08/2014,10:20:00,174.95
22/08/2014,10:25:00,175.0
22/08/2014,10:30:00,175.25
22/08/2014,10:35:00,175.6
22/08/2014,10:40:00,175.5
22/08/2014,10:45:00,175.45
22/08/2014,10:50:00,175.5
22/08/2014,10:55:00,175.4
22/08/2014,11:00:00,175.2
22/08/2014,11:05:00,175.15
22/08/2014,11:10:00,175.2
22/08/2014,11:15:00,175.25
22/08/2014,11:20:00,175.4
22/08/2014,11:25:00,175.45
22/08/2014,11:30:00,175.55
22/08/2014,11:35:00,175.6
22/08/2014,11:40:00,175.55
22/08/2014,11:45:00,175.45
22/08/2014,11:50:00,175.45
22/08/2014,11:55:00,175.4
22/08/2014,12:00:00,175.45
22/08/2014,12:05:00,175.45
22/08/2014,12:10:00,175.45
22/08/2014,12:15:00,175.35
22/08/2014,12:20:00,175.1
22/08/2014,12:25:00,174.6
22/08/2014,12:30:00,174.55
22/08/2014,12:35:00,174.05
22/08/2014,12:40:00,173.95
22/08/2014,12:45:00,174.0
22/08/2014,12:50:00,174.0
22/08/2014,12:55:00,174.6
22/08/2014,13:00:00,175.3
22/08/2014,13:05:00,175.35
22/08/2014,13:10:00,175.45
22/08/2014,13:15:00,175.35
22/08/2014,13:20:00,174.95
22/08/2014,13:25:00,174.7
22/08/2014,13:30:00,174.85
22/08/2014,13:35:00,175.0
22/08/2014,13:40:00,174.85
22/08/2014,13:45:00,174.9
22/08/2014,13:50:00,174.9
22/08/2014,13:55:00,174.9
22/08/2014,14:00:00,174.9
22/08/2014,14:05:00,174.9
22/08/2014,14:10:00,175.0
22/08/2014,14:15:00,175.0
22/08/2014,14:20:00,174.7
22/08/2014,14:25:00,174.75
22/08/2014,14:30:00,174.6
22/08/2014,14:35:00,174.6
22/08/2014,14:40:00,174.5
22/08/2014,14:45:00,174.2
22/08/2014,14:50:00,174.45
22/08/2014,14:55:00,174.95
22/08/2014,15:00:00,174.95
22/08/2014,15:05:00,174.8
22/08/2014,15:10:00,174.3
22/08/2014,15:15:00,173.95
22/08/2014,15:20:00,174.0
22/08/2014,15:25:00,174.45
22/08/2014,15:30:00,174.8
25/08/2014,09:20:00,174.7
25/08/2014,09:25:00,174.75
25/08/2014,09:30:00,174.2
25/08/2014,09:35:00,174.35
25/08/2014,09:40:00,174.35
25/08/2014,09:45:00,174.05
25/08/2014,09:50:00,173.95
25/08/2014,09:55:00,173.45
25/08/2014,10:00:00,173.75
25/08/2014,10:05:00,173.65
25/08/2014,10:10:00,173.5
25/08/2014,10:15:00,173.4
25/08/2014,10:20:00,173.4
25/08/2014,10:25:00,173.3
25/08/2014,10:30:00,173.4
25/08/2014,10:35:00,173.05
25/08/2014,10:40:00,173.3
25/08/2014,10:45:00,173.1
25/08/2014,10:50:00,173.4
25/08/2014,10:55:00,173.25
25/08/2014,11:00:00,173.25
25/08/2014,11:05:00,173.25
25/08/2014,11:10:00,173.6
25/08/2014,11:15:00,173.7
25/08/2014,11:20:00,173.85
25/08/2014,11:25:00,173.8
25/08/2014,11:30:00,173.9
25/08/2014,11:35:00,173.85
25/08/2014,11:40:00,173.8
25/08/2014,11:45:00,173.8
25/08/2014,11:50:00,174.0
25/08/2014,11:55:00,173.95
25/08/2014,12:00:00,173.95
25/08/2014,12:05:00,174.1
25/08/2014,12:10:00,173.95
25/08/2014,12:15:00,173.9
25/08/2014,12:20:00,173.45
25/08/2014,12:25:00,173.3
25/08/2014,12:30:00,173.15
25/08/2014,12:35:00,173.35
25/08/2014,12:40:00,173.45
25/08/2014,12:45:00,173.45
25/08/2014,12:50:00,173.5
25/08/2014,12:55:00,173.55
25/08/2014,13:00:00,173.75
25/08/2014,13:05:00,173.9
25/08/2014,13:10:00,173.7
25/08/2014,13:15:00,173.7
25/08/2014,13:20:00,173.6
25/08/2014,13:25:00,173.7
25/08/2014,13:30:00,173.8
25/08/2014,13:35:00,173.5
25/08/2014,13:40:00,173.75
25/08/2014,13:45:00,173.75
25/08/2014,13:50:00,173.85
25/08/2014,13:55:00,173.85
25/08/2014,14:00:00,173.8
25/08/2014,14:05:00,173.85
25/08/2014,14:10:00,173.7
25/08/2014,14:15:00,173.35
25/08/2014,14:20:00,172.85
25/08/2014,14:25:00,173.3
25/08/2014,14:30:00,173.0
25/08/2014,14:35:00,172.5
25/08/2014,14:40:00,172.15
25/08/2014,14:45:00,172.2
25/08/2014,14:50:00,172.1
25/08/2014,14:55:00,172.05
25/08/2014,15:00:00,172.1
25/08/2014,15:05:00,171.4
25/08/2014,15:10:00,171.7
25/08/2014,15:15:00,171.4
25/08/2014,15:20:00,171.6
25/08/2014,15:25:00,171.7
25/08/2014,15:30:00,171.0
26/08/2014,09:20:00,170.0
26/08/2014,09:25:00,169.8
26/08/2014,09:30:00,170.15
26/08/2014,09:35:00,170.65
26/08/2014,09:40:00,170.95
26/08/2014,09:45:00,170.4
26/08/2014,09:50:00,171.05
26/08/2014,09:55:00,170.85
26/08/2014,10:00:00,170.1
26/08/2014,10:05:00,169.95
26/08/2014,10:10:00,169.55
26/08/2014,10:15:00,168.75
26/08/2014,10:20:00,168.35
26/08/2014,10:25:00,168.45
26/08/2014,10:30:00,168.3
26/08/2014,10:35:00,168.5
26/08/2014,10:40:00,168.4
26/08/2014,10:45:00,168.5
26/08/2014,10:50:00,168.75
26/08/2014,10:55:00,168.7
26/08/2014,11:00:00,169.0
26/08/2014,11:05:00,169.35
26/08/2014,11:10:00,170.0
26/08/2014,11:15:00,169.5
26/08/2014,11:20:00,169.0
26/08/2014,11:25:00,168.25
26/08/2014,11:30:00,168.85
26/08/2014,11:35:00,169.15
26/08/2014,11:40:00,169.45
26/08/2014,11:45:00,169.6
26/08/2014,11:50:00,169.7
26/08/2014,11:55:00,169.65
26/08/2014,12:00:00,169.5
26/08/2014,12:05:00,169.4
26/08/2014,12:10:00,169.05
26/08/2014,12:15:00,169.25
26/08/2014,12:20:00,169.65
26/08/2014,12:25:00,169.55
26/08/2014,12:30:00,169.65
26/08/2014,12:35:00,169.4
26/08/2014,12:40:00,169.4
26/08/2014,12:45:00,169.2
26/08/2014,12:50:00,169.1
26/08/2014,12:55:00,169.2
26/08/2014,13:00:00,169.25
26/08/2014,13:05:00,169.35
26/08/2014,13:10:00,169.35
26/08/2014,13:15:00,169.25
26/08/2014,13:20:00,169.1
26/08/2014,13:25:00,168.75
26/08/2014,13:30:00,169.0
26/08/2014,13:35:00,169.0
26/08/2014,13:40:00,169.15
26/08/2014,13:45:00,169.0
26/08/2014,13:50:00,169.1
26/08/2014,13:55:00,169.1
26/08/2014,14:00:00,169.1
26/08/2014,14:05:00,169.2
26/08/2014,14:10:00,169.75
26/08/2014,14:15:00,170.05
26/08/2014,14:20:00,169.9
26/08/2014,14:25:00,170.3
26/08/2014,14:30:00,171.6
26/08/2014,14:35:00,171.0
26/08/2014,14:40:00,171.3
26/08/2014,14:45:00,171.0
26/08/2014,14:50:00,171.0
26/08/2014,14:55:00,170.6
26/08/2014,15:00:00,170.65
26/08/2014,15:05:00,170.5
26/08/2014,15:10:00,170.85
26/08/2014,15:15:00,170.8
26/08/2014,15:20:00,171.15
26/08/2014,15:25:00,170.95
26/08/2014,15:30:00,171.0
27/08/2014,09:20:00,171.3
27/08/2014,09:25:00,171.25
27/08/2014,09:30:00,170.9
27/08/2014,09:35:00,170.0
27/08/2014,09:40:00,170.1
27/08/2014,09:45:00,170.15
27/08/2014,09:50:00,170.35
27/08/2014,09:55:00,170.2
27/08/2014,10:00:00,170.05
27/08/2014,10:05:00,169.9
27/08/2014,10:10:00,169.65
27/08/2014,10:15:00,169.2
27/08/2014,10:20:00,169.75
27/08/2014,10:25:00,169.95
27/08/2014,10:30:00,169.55
27/08/2014,10:35:00,169.55
27/08/2014,10:40:00,169.55
27/08/2014,10:45:00,169.65
27/08/2014,10:50:00,169.5
27/08/2014,10:55:00,169.75
27/08/2014,11:00:00,169.15
27/08/2014,11:05:00,169.3
27/08/2014,11:10:00,169.4
27/08/2014,11:15:00,169.5
27/08/2014,11:20:00,169.4
27/08/2014,11:25:00,169.35
27/08/2014,11:30:00,169.55
27/08/2014,11:35:00,169.75
27/08/2014,11:40:00,169.65
27/08/2014,11:45:00,169.6
27/08/2014,11:50:00,169.95
27/08/2014,11:55:00,169.85
27/08/2014,12:00:00,169.75
27/08/2014,12:05:00,169.55
27/08/2014,12:10:00,169.25
27/08/2014,12:15:00,169.5
27/08/2014,12:20:00,169.45
27/08/2014,12:25:00,169.3
27/08/2014,12:30:00,169.1
27/08/2014,12:35:00,169.15
27/08/2014,12:40:00,169.25
27/08/2014,12:45:00,169.5
27/08/2014,12:50:00,169.4
27/08/2014,12:55:00,169.3
27/08/2014,13:00:00,169.15
27/08/2014,13:05:00,169.1
27/08/2014,13:10:00,169.05
27/08/2014,13:15:00,168.75
27/08/2014,13:20:00,168.85
27/08/2014,13:25:00,169.0
27/08/2014,13:30:00,168.9
27/08/2014,13:35:00,168.8
27/08/2014,13:40:00,168.9
27/08/2014,13:45:00,168.9
27/08/2014,13:50:00,168.9
27/08/2014,13:55:00,168.9
27/08/2014,14:00:00,168.85
27/08/2014,14:05:00,169.0
27/08/2014,14:10:00,168.95
27/08/2014,14:15:00,168.8
27/08/2014,14:20:00,168.75
27/08/2014,14:25:00,168.85
27/08/2014,14:30:00,168.95
27/08/2014,14:35:00,168.9
27/08/2014,14:40:00,168.95
27/08/2014,14:45:00,168.85
27/08/2014,14:50:00,168.85
27/08/2014,14:55:00,168.75
27/08/2014,15:00:00,168.4
27/08/2014,15:05:00,168.5
27/08/2014,15:10:00,168.9
27/08/2014,15:15:00,168.9
27/08/2014,15:20:00,168.75
27/08/2014,15:25:00,168.9
27/08/2014,15:30:00,169.0
28/08/2014,09:20:00,168.55
28/08/2014,09:25:00,168.55
28/08/2014,09:30:00,168.15
28/08/2014,09:35:00,168.3
28/08/2014,09:40:00,168.25
28/08/2014,09:45:00,168.5
28/08/2014,09:50:00,168.35
28/08/2014,09:55:00,168.1
28/08/2014,10:00:00,168.3
28/08/2014,10:05:00,168.3
28/08/2014,10:10:00,168.65
28/08/2014,10:15:00,168.6
28/08/2014,10:20:00,168.75
28/08/2014,10:25:00,168.9
28/08/2014,10:30:00,168.9
28/08/2014,10:35:00,168.9
28/08/2014,10:40:00,168.75
28/08/2014,10:45:00,168.85
28/08/2014,10:50:00,169.0
28/08/2014,10:55:00,169.65
28/08/2014,11:00:00,169.2
28/08/2014,11:05:00,169.25
28/08/2014,11:10:00,169.35
28/08/2014,11:15:00,169.75
28/08/2014,11:20:00,170.4
28/08/2014,11:25:00,170.15
28/08/2014,11:30:00,169.95
28/08/2014,11:35:00,170.1
28/08/2014,11:40:00,169.85
28/08/2014,11:45:00,169.95
28/08/2014,11:50:00,169.8
28/08/2014,11:55:00,169.8
28/08/2014,12:00:00,170.0
28/08/2014,12:05:00,169.85
28/08/2014,12:10:00,169.95
28/08/2014,12:15:00,169.9
28/08/2014,12:20:00,169.95
28/08/2014,12:25:00,170.0
28/08/2014,12:30:00,170.0
28/08/2014,12:35:00,170.1
28/08/2014,12:40:00,170.1
28/08/2014,12:45:00,169.8
28/08/2014,12:50:00,170.05
28/08/2014,12:55:00,170.05
28/08/2014,13:00:00,170.25
28/08/2014,13:05:00,170.05
28/08/2014,13:10:00,170.15
28/08/2014,13:15:00,170.3
28/08/2014,13:20:00,170.15
28/08/2014,13:25:00,170.2
28/08/2014,13:30:00,170.3
28/08/2014,13:35:00,170.45
28/08/2014,13:40:00,170.65
28/08/2014,13:45:00,170.9
28/08/2014,13:50:00,170.9
28/08/2014,13:55:00,171.6
28/08/2014,14:00:00,171.5
28/08/2014,14:05:00,172.0
28/08/2014,14:10:00,171.3
28/08/2014,14:15:00,170.75
28/08/2014,14:20:00,170.7
28/08/2014,14:25:00,170.6
28/08/2014,14:30:00,170.35
28/08/2014,14:35:00,170.05
28/08/2014,14:40:00,170.15
28/08/2014,14:45:00,170.1
28/08/2014,14:50:00,170.1
28/08/2014,14:55:00,170.1
28/08/2014,15:00:00,169.95
28/08/2014,15:05:00,169.7
28/08/2014,15:10:00,169.55
28/08/2014,15:15:00,169.45
28/08/2014,15:20:00,169.35
28/08/2014,15:25:00,169.7
28/08/2014,15:30:00,169.9
01/09/2014,09:20:00,172.3
01/09/2014,09:25:00,172.0
01/09/2014,09:30:00,172.4
01/09/2014,09:35:00,173.0
01/09/2014,09:40:00,173.8
01/09/2014,09:45:00,173.85
01/09/2014,09:50:00,173.95
01/09/2014,09:55:00,173.7
01/09/2014,10:00:00,173.8
01/09/2014,10:05:00,173.0
01/09/2014,10:10:00,172.85
01/09/2014,10:15:00,173.7
01/09/2014,10:20:00,173.65
01/09/2014,10:25:00,173.55
01/09/2014,10:30:00,172.75
01/09/2014,10:35:00,172.7
01/09/2014,10:40:00,172.75
01/09/2014,10:45:00,173.05
01/09/2014,10:50:00,173.2
01/09/2014,10:55:00,172.9
01/09/2014,11:00:00,172.55
01/09/2014,11:05:00,172.5
01/09/2014,11:10:00,172.15
01/09/2014,11:15:00,172.5
01/09/2014,11:20:00,172.15
01/09/2014,11:25:00,171.95
01/09/2014,11:30:00,171.3
01/09/2014,11:35:00,171.95
01/09/2014,11:40:00,171.45
01/09/2014,11:45:00,171.4
01/09/2014,11:50:00,171.55
01/09/2014,11:55:00,171.85
01/09/2014,12:00:00,172.0
01/09/2014,12:05:00,172.05
01/09/2014,12:10:00,171.8
01/09/2014,12:15:00,171.7
01/09/2014,12:20:00,171.35
01/09/2014,12:25:00,171.2
01/09/2014,12:30:00,171.25
01/09/2014,12:35:00,171.45
01/09/2014,12:40:00,171.5
01/09/2014,12:45:00,171.55
01/09/2014,12:50:00,171.05
01/09/2014,12:55:00,170.2
01/09/2014,13:00:00,169.6
01/09/2014,13:05:00,170.4
01/09/2014,13:10:00,170.0
01/09/2014,13:15:00,170.2
01/09/2014,13:20:00,170.2
01/09/2014,13:25:00,169.95
01/09/2014,13:30:00,170.0
01/09/2014,13:35:00,169.8
01/09/2014,13:40:00,169.7
01/09/2014,13:45:00,169.9
01/09/2014,13:50:00,169.55
01/09/2014,13:55:00,170.0
01/09/2014,14:00:00,169.55
01/09/2014,14:05:00,169.95
01/09/2014,14:10:00,170.3
01/09/2014,14:15:00,170.0
01/09/2014,14:20:00,169.75
01/09/2014,14:25:00,170.05
01/09/2014,14:30:00,170.1
01/09/2014,14:35:00,169.95
01/09/2014,14:40:00,170.2
01/09/2014,14:45:00,170.0
01/09/2014,14:50:00,170.05
01/09/2014,14:55:00,171.6
01/09/2014,15:00:00,170.9
01/09/2014,15:05:00,171.0
01/09/2014,15:10:00,170.75
01/09/2014,15:15:00,170.45
01/09/2014,15:20:00,170.6
01/09/2014,15:25:00,170.7
01/09/2014,15:30:00,171.1
02/09/2014,09:20:00,172.0
02/09/2014,09:25:00,172.75
02/09/2014,09:30:00,172.75
02/09/2014,09:35:00,172.25
02/09/2014,09:40:00,172.3
02/09/2014,09:45:00,172.25
02/09/2014,09:50:00,172.25
02/09/2014,09:55:00,172.0
02/09/2014,10:00:00,172.35
02/09/2014,10:05:00,172.6
02/09/2014,10:10:00,172.55
02/09/2014,10:15:00,172.55
02/09/2014,10:20:00,172.15
02/09/2014,10:25:00,172.1
02/09/2014,10:30:00,172.15
02/09/2014,10:35:00,172.4
02/09/2014,10:40:00,172.55
02/09/2014,10:45:00,172.8
02/09/2014,10:50:00,172.65
02/09/2014,10:55:00,172.7
02/09/2014,11:00:00,172.35
02/09/2014,11:05:00,172.4
02/09/2014,11:10:00,172.2
02/09/2014,11:15:00,171.9
02/09/2014,11:20:00,172.0
02/09/2014,11:25:00,172.35
02/09/2014,11:30:00,172.25
02/09/2014,11:35:00,172.05
02/09/2014,11:40:00,172.1
02/09/2014,11:45:00,171.95
02/09/2014,11:50:00,171.8
02/09/2014,11:55:00,171.9
02/09/2014,12:00:00,172.35
02/09/2014,12:05:00,172.4
02/09/2014,12:10:00,172.1
02/09/2014,12:15:00,172.0
02/09/2014,12:20:00,172.15
02/09/2014,12:25:00,172.25
02/09/2014,12:30:00,171.9
02/09/2014,12:35:00,171.85
02/09/2014,12:40:00,172.1
02/09/2014,12:45:00,171.95
02/09/2014,12:50:00,172.05
02/09/2014,12:55:00,172.1
02/09/2014,13:00:00,172.15
02/09/2014,13:05:00,172.15
02/09/2014,13:10:00,172.35
02/09/2014,13:15:00,172.15
02/09/2014,13:20:00,172.55
02/09/2014,13:25:00,172.5
02/09/2014,13:30:00,172.45
02/09/2014,13:35:00,172.5
02/09/2014,13:40:00,172.65
02/09/2014,13:45:00,172.65
02/09/2014,13:50:00,174.0
02/09/2014,13:55:00,174.1
02/09/2014,14:00:00,174.1
02/09/2014,14:05:00,173.75
02/09/2014,14:10:00,173.8
02/09/2014,14:15:00,174.2
02/09/2014,14:20:00,174.0
02/09/2014,14:25:00,173.75
02/09/2014,14:30:00,173.8
02/09/2014,14:35:00,174.0
02/09/2014,14:40:00,174.1
02/09/2014,14:45:00,174.0
02/09/2014,14:50:00,174.0
02/09/2014,14:55:00,174.05
02/09/2014,15:00:00,174.05
02/09/2014,15:05:00,174.05
02/09/2014,15:10:00,174.75
02/09/2014,15:15:00,174.2
02/09/2014,15:20:00,174.15
02/09/2014,15:25:00,174.15
02/09/2014,15:30:00,174.05
03/09/2014,09:20:00,176.0
03/09/2014,09:25:00,175.55
03/09/2014,09:30:00,175.9
03/09/2014,09:35:00,175.5
03/09/2014,09:40:00,175.5
03/09/2014,09:45:00,175.35
03/09/2014,09:50:00,175.25
03/09/2014,09:55:00,174.9
03/09/2014,10:00:00,174.7
03/09/2014,10:05:00,174.65
03/09/2014,10:10:00,175.7
03/09/2014,10:15:00,175.6
03/09/2014,10:20:00,175.7
03/09/2014,10:25:00,175.9
03/09/2014,10:30:00,175.45
03/09/2014,10:35:00,175.4
03/09/2014,10:40:00,175.75
03/09/2014,10:45:00,175.65
03/09/2014,10:50:00,174.8
03/09/2014,10:55:00,174.9
03/09/2014,11:00:00,174.65
03/09/2014,11:05:00,174.85
03/09/2014,11:10:00,175.05
03/09/2014,11:15:00,175.15
03/09/2014,11:20:00,175.45
03/09/2014,11:25:00,175.05
03/09/2014,11:30:00,175.0
03/09/2014,11:35:00,175.3
03/09/2014,11:40:00,175.3
03/09/2014,11:45:00,175.3
03/09/2014,11:50:00,175.5
03/09/2014,11:55:00,175.5
03/09/2014,12:00:00,175.5
03/09/2014,12:05:00,175.5
03/09/2014,12:10:00,175.75
03/09/2014,12:15:00,175.7
03/09/2014,12:20:00,175.85
03/09/2014,12:25:00,176.0
03/09/2014,12:30:00,176.2
03/09/2014,12:35:00,176.25
03/09/2014,12:40:00,176.95
03/09/2014,12:45:00,177.2
03/09/2014,12:50:00,177.3
03/09/2014,12:55:00,177.75
03/09/2014,13:00:00,177.4
03/09/2014,13:05:00,177.35
03/09/2014,13:10:00,177.25
03/09/2014,13:15:00,177.25
03/09/2014,13:20:00,177.5
03/09/2014,13:25:00,177.7
03/09/2014,13:30:00,177.6
03/09/2014,13:35:00,177.85
03/09/2014,13:40:00,178.2
03/09/2014,13:45:00,178.6
03/09/2014,13:50:00,178.55
03/09/2014,13:55:00,178.5
03/09/2014,14:00:00,178.8
03/09/2014,14:05:00,178.6
03/09/2014,14:10:00,178.25
03/09/2014,14:15:00,178.3
03/09/2014,14:20:00,178.65
03/09/2014,14:25:00,178.5
03/09/2014,14:30:00,177.95
03/09/2014,14:35:00,178.0
03/09/2014,14:40:00,177.95
03/09/2014,14:45:00,178.0
03/09/2014,14:50:00,178.0
03/09/2014,14:55:00,178.1
03/09/2014,15:00:00,179.0
03/09/2014,15:05:00,178.95
03/09/2014,15:10:00,178.8
03/09/2014,15:15:00,179.0
03/09/2014,15:20:00,178.6
03/09/2014,15:25:00,178.7
03/09/2014,15:30:00,178.65
04/09/2014,09:20:00,181.35
04/09/2014,09:25:00,180.35
04/09/2014,09:30:00,179.9
04/09/2014,09:35:00,180.95
04/09/2014,09:40:00,181.15
04/09/2014,09:45:00,181.8
04/09/2014,09:50:00,181.15
04/09/2014,09:55:00,180.5
04/09/2014,10:00:00,180.2
04/09/2014,10:05:00,180.4
04/09/2014,10:10:00,180.3
04/09/2014,10:15:00,179.8
04/09/2014,10:20:00,179.35
04/09/2014,10:25:00,178.05
04/09/2014,10:30:00,178.35
04/09/2014,10:35:00,177.35
04/09/2014,10:40:00,178.15
04/09/2014,10:45:00,178.3
04/09/2014,10:50:00,178.15
04/09/2014,10:55:00,178.0
04/09/2014,11:00:00,178.1
04/09/2014,11:05:00,178.6
04/09/2014,11:10:00,178.75
04/09/2014,11:15:00,178.25
04/09/2014,11:20:00,178.3
04/09/2014,11:25:00,178.7
04/09/2014,11:30:00,178.7
04/09/2014,11:35:00,178.4
04/09/2014,11:40:00,178.0
04/09/2014,11:45:00,177.85
04/09/2014,11:50:00,178.1
04/09/2014,11:55:00,178.25
04/09/2014,12:00:00,178.3
04/09/2014,12:05:00,178.25
04/09/2014,12:10:00,178.0
04/09/2014,12:15:00,178.3
04/09/2014,12:20:00,178.3
04/09/2014,12:25:00,178.0
04/09/2014,12:30:00,177.7
04/09/2014,12:35:00,177.65
04/09/2014,12:40:00,177.5
04/09/2014,12:45:00,177.9
04/09/2014,12:50:00,177.75
04/09/2014,12:55:00,177.85
04/09/2014,13:00:00,177.95
04/09/2014,13:05:00,177.8
04/09/2014,13:10:00,177.6
04/09/2014,13:15:00,177.8
04/09/2014,13:20:00,177.9
04/09/2014,13:25:00,177.7
04/09/2014,13:30:00,177.6
04/09/2014,13:35:00,177.3
04/09/2014,13:40:00,177.4
04/09/2014,13:45:00,177.85
04/09/2014,13:50:00,177.55
04/09/2014,13:55:00,177.4
04/09/2014,14:00:00,177.5
04/09/2014,14:05:00,177.7
04/09/2014,14:10:00,177.65
04/09/2014,14:15:00,177.2
04/09/2014,14:20:00,177.0
04/09/2014,14:25:00,177.3
04/09/2014,14:30:00,177.1
04/09/2014,14:35:00,176.5
04/09/2014,14:40:00,176.9
04/09/2014,14:45:00,175.85
04/09/2014,14:50:00,175.1
04/09/2014,14:55:00,175.7
04/09/2014,15:00:00,175.35
04/09/2014,15:05:00,175.85
04/09/2014,15:10:00,175.85
04/09/2014,15:15:00,175.9
04/09/2014,15:20:00,176.15
04/09/2014,15:25:00,177.05
04/09/2014,15:30:00,177.5
05/09/2014,09:20:00,177.75
05/09/2014,09:25:00,177.7
05/09/2014,09:30:00,177.95
05/09/2014,09:35:00,178.7
05/09/2014,09:40:00,178.6
05/09/2014,09:45:00,179.0
05/09/2014,09:50:00,180.3
05/09/2014,09:55:00,181.15
05/09/2014,10:00:00,181.0
05/09/2014,10:05:00,180.6
05/09/2014,10:10:00,180.4
05/09/2014,10:15:00,180.6
05/09/2014,10:20:00,181.6
05/09/2014,10:25:00,181.4
05/09/2014,10:30:00,183.0
05/09/2014,10:35:00,183.05
05/09/2014,10:40:00,182.9
05/09/2014,10:45:00,182.85
05/09/2014,10:50:00,182.6
05/09/2014,10:55:00,183.0
05/09/2014,11:00:00,182.7
05/09/2014,11:05:00,182.75
05/09/2014,11:10:00,182.3
05/09/2014,11:15:00,182.0
05/09/2014,11:20:00,181.75
05/09/2014,11:25:00,181.45
05/09/2014,11:30:00,181.7
05/09/2014,11:35:00,182.0
05/09/2014,11:40:00,182.15
05/09/2014,11:45:00,182.15
05/09/2014,11:50:00,181.9
05/09/2014,11:55:00,183.25
05/09/2014,12:00:00,182.75
05/09/2014,12:05:00,182.85
05/09/2014,12:10:00,183.05
05/09/2014,12:15:00,183.45
05/09/2014,12:20:00,184.85
05/09/2014,12:25:00,185.7
05/09/2014,12:30:00,184.75
05/09/2014,12:35:00,184.75
05/09/2014,12:40:00,183.7
05/09/2014,12:45:00,183.9
05/09/2014,12:50:00,184.1
05/09/2014,12:55:00,184.2
05/09/2014,13:00:00,183.5
05/09/2014,13:05:00,183.85
05/09/2014,13:10:00,184.3
05/09/2014,13:15:00,184.2
05/09/2014,13:20:00,183.8
05/09/2014,13:25:00,183.85
05/09/2014,13:30:00,183.9
05/09/2014,13:35:00,183.9
05/09/2014,13:40:00,183.7
05/09/2014,13:45:00,183.7
05/09/2014,13:50:00,184.0
05/09/2014,13:55:00,183.65
05/09/2014,14:00:00,183.65
05/09/2014,14:05:00,183.6
05/09/2014,14:10:00,183.75
05/09/2014,14:15:00,184.05
05/09/2014,14:20:00,184.2
05/09/2014,14:25:00,184.1
05/09/2014,14:30:00,184.05
05/09/2014,14:35:00,183.15
05/09/2014,14:40:00,183.4
05/09/2014,14:45:00,183.85
05/09/2014,14:50:00,184.1
05/09/2014,14:55:00,184.65
05/09/2014,15:00:00,184.3
05/09/2014,15:05:00,184.7
05/09/2014,15:10:00,184.9
05/09/2014,15:15:00,184.8
05/09/2014,15:20:00,185.0
05/09/2014,15:25:00,185.0
05/09/2014,15:30:00,184.8
08/09/2014,09:20:00,185.5
08/09/2014,09:25:00,185.1
08/09/2014,09:30:00,184.4
08/09/2014,09:35:00,184.15
08/09/2014,09:40:00,183.85
08/09/2014,09:45:00,184.55
08/09/2014,09:50:00,184.8
08/09/2014,09:55:00,184.9
08/09/2014,10:00:00,185.25
08/09/2014,10:05:00,185.5
08/09/2014,10:10:00,185.5
08/09/2014,10:15:00,185.35
08/09/2014,10:20:00,184.75
08/09/2014,10:25:00,184.5
08/09/2014,10:30:00,184.7
08/09/2014,10:35:00,184.75
08/09/2014,10:40:00,184.45
08/09/2014,10:45:00,184.7
08/09/2014,10:50:00,184.45
08/09/2014,10:55:00,184.5
08/09/2014,11:00:00,184.5
08/09/2014,11:05:00,183.9
08/09/2014,11:10:00,183.75
08/09/2014,11:15:00,183.9
08/09/2014,11:20:00,183.85
08/09/2014,11:25:00,183.85
08/09/2014,11:30:00,183.65
08/09/2014,11:35:00,183.7
08/09/2014,11:40:00,183.65
08/09/2014,11:45:00,184.0
08/09/2014,11:50:00,183.5
08/09/2014,11:55:00,183.6
08/09/2014,12:00:00,183.6
08/09/2014,12:05:00,183.4
08/09/2014,12:10:00,183.6
08/09/2014,12:15:00,183.45
08/09/2014,12:20:00,183.4
08/09/2014,12:25:00,183.65
08/09/2014,12:30:00,183.8
08/09/2014,12:35:00,183.8
08/09/2014,12:40:00,185.0
08/09/2014,12:45:00,184.65
08/09/2014,12:50:00,184.5
08/09/2014,12:55:00,184.4
08/09/2014,13:00:00,184.55
08/09/2014,13:05:00,183.95
08/09/2014,13:10:00,183.85
08/09/2014,13:15:00,184.0
08/09/2014,13:20:00,183.5
08/09/2014,13:25:00,183.5
08/09/2014,13:30:00,183.65
08/09/2014,13:35:00,183.75
08/09/2014,13:40:00,183.7
08/09/2014,13:45:00,183.4
08/09/2014,13:50:00,183.3
08/09/2014,13:55:00,183.0
08/09/2014,14:00:00,183.6
08/09/2014,14:05:00,183.8
08/09/2014,14:10:00,183.75
08/09/2014,14:15:00,183.8
08/09/2014,14:20:00,183.75
08/09/2014,14:25:00,184.0
08/09/2014,14:30:00,183.8
08/09/2014,14:35:00,183.7
08/09/2014,14:40:00,183.55
08/09/2014,14:45:00,183.9
08/09/2014,14:50:00,183.75
08/09/2014,14:55:00,183.95
08/09/2014,15:00:00,184.0
08/09/2014,15:05:00,183.95
08/09/2014,15:10:00,183.75
08/09/2014,15:15:00,183.95
08/09/2014,15:20:00,184.0
08/09/2014,15:25:00,184.0
08/09/2014,15:30:00,183.55
09/09/2014,09:20:00,183.95
09/09/2014,09:25:00,183.85
09/09/2014,09:30:00,183.3
09/09/2014,09:35:00,183.7
09/09/2014,09:40:00,183.75
09/09/2014,09:45:00,183.9
09/09/2014,09:50:00,184.0
09/09/2014,09:55:00,184.1
09/09/2014,10:00:00,183.3
09/09/2014,10:05:00,183.5
09/09/2014,10:10:00,183.45
09/09/2014,10:15:00,183.05
09/09/2014,10:20:00,183.4
09/09/2014,10:25:00,183.55
09/09/2014,10:30:00,183.65
09/09/2014,10:35:00,183.15
09/09/2014,10:40:00,183.9
09/09/2014,10:45:00,183.6
09/09/2014,10:50:00,183.5
09/09/2014,10:55:00,183.65
09/09/2014,11:00:00,183.25
09/09/2014,11:05:00,183.1
09/09/2014,11:10:00,183.5
09/09/2014,11:15:00,183.05
09/09/2014,11:20:00,183.15
09/09/2014,11:25:00,183.3
09/09/2014,11:30:00,183.2
09/09/2014,11:35:00,183.4
09/09/2014,11:40:00,183.1
09/09/2014,11:45:00,182.7
09/09/2014,11:50:00,182.7
09/09/2014,11:55:00,183.0
09/09/2014,12:00:00,183.0
09/09/2014,12:05:00,183.1
09/09/2014,12:10:00,183.15
09/09/2014,12:15:00,183.05
09/09/2014,12:20:00,183.15
09/09/2014,12:25:00,183.35
09/09/2014,12:30:00,183.35
09/09/2014,12:35:00,183.3
09/09/2014,12:40:00,183.4
09/09/2014,12:45:00,183.3
09/09/2014,12:50:00,183.35
09/09/2014,12:55:00,183.2
09/09/2014,13:00:00,183.05
09/09/2014,13:05:00,183.0
09/09/2014,13:10:00,183.0
09/09/2014,13:15:00,182.95
09/09/2014,13:20:00,182.95
09/09/2014,13:25:00,182.9
09/09/2014,13:30:00,182.9
09/09/2014,13:35:00,183.15
09/09/2014,13:40:00,183.15
09/09/2014,13:45:00,183.1
09/09/2014,13:50:00,183.0
09/09/2014,13:55:00,182.45
09/09/2014,14:00:00,182.6
09/09/2014,14:05:00,182.5
09/09/2014,14:10:00,182.7
09/09/2014,14:15:00,182.0
09/09/2014,14:20:00,181.95
09/09/2014,14:25:00,181.5
09/09/2014,14:30:00,181.7
09/09/2014,14:35:00,181.7
09/09/2014,14:40:00,181.5
09/09/2014,14:45:00,181.35
09/09/2014,14:50:00,181.5
09/09/2014,14:55:00,181.6
09/09/2014,15:00:00,181.7
09/09/2014,15:05:00,181.5
09/09/2014,15:10:00,181.65
09/09/2014,15:15:00,181.75
09/09/2014,15:20:00,181.8
09/09/2014,15:25:00,181.2
09/09/2014,15:30:00,181.45
10/09/2014,09:20:00,182.85
10/09/2014,09:25:00,182.85
10/09/2014,09:30:00,182.65
10/09/2014,09:35:00,182.6
10/09/2014,09:40:00,182.65
10/09/2014,09:45:00,182.1
10/09/2014,09:50:00,182.0
10/09/2014,09:55:00,181.6
10/09/2014,10:00:00,182.3
10/09/2014,10:05:00,182.4
10/09/2014,10:10:00,182.4
10/09/2014,10:15:00,182.6
10/09/2014,10:20:00,182.55
10/09/2014,10:25:00,182.8
10/09/2014,10:30:00,183.65
10/09/2014,10:35:00,183.15
10/09/2014,10:40:00,183.15
10/09/2014,10:45:00,182.7
10/09/2014,10:50:00,182.65
10/09/2014,10:55:00,182.7
10/09/2014,11:00:00,182.7
10/09/2014,11:05:00,182.85
10/09/2014,11:10:00,182.65
10/09/2014,11:15:00,182.0
10/09/2014,11:20:00,182.2
10/09/2014,11:25:00,182.0
10/09/2014,11:30:00,181.75
10/09/2014,11:35:00,181.5
10/09/2014,11:40:00,181.45
10/09/2014,11:45:00,181.2
10/09/2014,11:50:00,181.35
10/09/2014,11:55:00,181.2
10/09/2014,12:00:00,181.35
10/09/2014,12:05:00,181.0
10/09/2014,12:10:00,181.0
10/09/2014,12:15:00,180.65
10/09/2014,12:20:00,180.5
10/09/2014,12:25:00,180.7
10/09/2014,12:30:00,180.9
10/09/2014,12:35:00,180.95
10/09/2014,12:40:00,180.95
10/09/2014,12:45:00,181.0
10/09/2014,12:50:00,180.95
10/09/2014,12:55:00,181.0
10/09/2014,13:00:00,181.0
10/09/2014,13:05:00,180.95
10/09/2014,13:10:00,180.9
10/09/2014,13:15:00,180.75
10/09/2014,13:20:00,180.75
10/09/2014,13:25:00,180.85
10/09/2014,13:30:00,180.85
10/09/2014,13:35:00,180.75
10/09/2014,13:40:00,180.8
10/09/2014,13:45:00,180.7
10/09/2014,13:50:00,180.75
10/09/2014,13:55:00,180.75
10/09/2014,14:00:00,180.75
10/09/2014,14:05:00,180.75
10/09/2014,14:10:00,180.75
10/09/2014,14:15:00,180.75
10/09/2014,14:20:00,180.85
10/09/2014,14:25:00,180.9
10/09/2014,14:30:00,181.0
10/09/2014,14:35:00,180.75
10/09/2014,14:40:00,181.0
10/09/2014,14:45:00,181.0
10/09/2014,14:50:00,181.05
10/09/2014,14:55:00,181.0
10/09/2014,15:00:00,180.85
10/09/2014,15:05:00,180.75
10/09/2014,15:10:00,180.65
10/09/2014,15:15:00,180.75
10/09/2014,15:20:00,180.7
10/09/2014,15:25:00,180.7
10/09/2014,15:30:00,180.7
11/09/2014,09:20:00,181.8
11/09/2014,09:25:00,181.3
11/09/2014,09:30:00,180.8
11/09/2014,09:35:00,180.95
11/09/2014,09:40:00,180.7
11/09/2014,09:45:00,180.8
11/09/2014,09:50:00,180.95
11/09/2014,09:55:00,181.1
11/09/2014,10:00:00,181.0
11/09/2014,10:05:00,180.8
11/09/2014,10:10:00,181.5
11/09/2014,10:15:00,181.8
11/09/2014,10:20:00,181.6
11/09/2014,10:25:00,181.35
11/09/2014,10:30:00,181.5
11/09/2014,10:35:00,181.5
11/09/2014,10:40:00,181.45
11/09/2014,10:45:00,181.45
11/09/2014,10:50:00,181.05
11/09/2014,10:55:00,180.95
11/09/2014,11:00:00,180.1
11/09/2014,11:05:00,179.75
11/09/2014,11:10:00,179.5
11/09/2014,11:15:00,179.3
11/09/2014,11:20:00,178.95
11/09/2014,11:25:00,178.85
11/09/2014,11:30:00,178.3
11/09/2014,11:35:00,178.25
11/09/2014,11:40:00,178.4
11/09/2014,11:45:00,178.4
11/09/2014,11:50:00,178.4
11/09/2014,11:55:00,177.9
11/09/2014,12:00:00,177.9
11/09/2014,12:05:00,177.85
11/09/2014,12:10:00,177.9
11/09/2014,12:15:00,177.75
11/09/2014,12:20:00,177.5
11/09/2014,12:25:00,177.5
11/09/2014,12:30:00,177.4
11/09/2014,12:35:00,177.45
11/09/2014,12:40:00,177.35
11/09/2014,12:45:00,177.4
11/09/2014,12:50:00,177.4
11/09/2014,12:55:00,177.65
11/09/2014,13:00:00,177.55
11/09/2014,13:05:00,177.45
11/09/2014,13:10:00,177.45
11/09/2014,13:15:00,177.45
11/09/2014,13:20:00,177.35
11/09/2014,13:25:00,177.45
11/09/2014,13:30:00,177.25
11/09/2014,13:35:00,177.4
11/09/2014,13:40:00,177.4
11/09/2014,13:45:00,177.45
11/09/2014,13:50:00,177.55
11/09/2014,13:55:00,177.5
11/09/2014,14:00:00,177.65
11/09/2014,14:05:00,177.8
11/09/2014,14:10:00,177.45
11/09/2014,14:15:00,177.5
11/09/2014,14:20:00,177.65
11/09/2014,14:25:00,177.65
11/09/2014,14:30:00,177.6
11/09/2014,14:35:00,177.6
11/09/2014,14:40:00,177.6
11/09/2014,14:45:00,177.3
11/09/2014,14:50:00,177.15
11/09/2014,14:55:00,176.85
11/09/2014,15:00:00,176.75
11/09/2014,15:05:00,176.7
11/09/2014,15:10:00,176.95
11/09/2014,15:15:00,176.85
11/09/2014,15:20:00,176.65
11/09/2014,15:25:00,176.6
11/09/2014,15:30:00,176.5
12/09/2014,09:20:00,176.95
12/09/2014,09:25:00,177.45
12/09/2014,09:30:00,177.25
12/09/2014,09:35:00,176.9
12/09/2014,09:40:00,176.9
12/09/2014,09:45:00,177.0
12/09/2014,09:50:00,177.35
12/09/2014,09:55:00,176.6
12/09/2014,10:00:00,176.85
12/09/2014,10:05:00,176.95
12/09/2014,10:10:00,176.65
12/09/2014,10:15:00,176.35
12/09/2014,10:20:00,176.25
12/09/2014,10:25:00,176.15
12/09/2014,10:30:00,176.05
12/09/2014,10:35:00,175.3
12/09/2014,10:40:00,175.2
12/09/2014,10:45:00,175.0
12/09/2014,10:50:00,175.15
12/09/2014,10:55:00,175.5
12/09/2014,11:00:00,175.45
12/09/2014,11:05:00,176.0
12/09/2014,11:10:00,175.3
12/09/2014,11:15:00,175.1
12/09/2014,11:20:00,175.0
12/09/2014,11:25:00,175.05
12/09/2014,11:30:00,175.1
12/09/2014,11:35:00,175.0
12/09/2014,11:40:00,175.15
12/09/2014,11:45:00,175.4
12/09/2014,11:50:00,175.45
12/09/2014,11:55:00,175.6
12/09/2014,12:00:00,175.6
12/09/2014,12:05:00,175.65
12/09/2014,12:10:00,175.55
12/09/2014,12:15:00,175.55
12/09/2014,12:20:00,175.8
12/09/2014,12:25:00,175.4
12/09/2014,12:30:00,175.3
12/09/2014,12:35:00,175.4
12/09/2014,12:40:00,175.25
12/09/2014,12:45:00,175.3
12/09/2014,12:50:00,175.3
12/09/2014,12:55:00,175.45
12/09/2014,13:00:00,175.35
12/09/2014,13:05:00,175.35
12/09/2014,13:10:00,175.25
12/09/2014,13:15:00,175.35
12/09/2014,13:20:00,175.6
12/09/2014,13:25:00,175.65
12/09/2014,13:30:00,175.6
12/09/2014,13:35:00,175.7
12/09/2014,13:40:00,175.65
12/09/2014,13:45:00,175.9
12/09/2014,13:50:00,176.15
12/09/2014,13:55:00,175.65
12/09/2014,14:00:00,175.7
12/09/2014,14:05:00,175.6
12/09/2014,14:10:00,175.6
12/09/2014,14:15:00,175.4
12/09/2014,14:20:00,175.25
12/09/2014,14:25:00,175.25
12/09/2014,14:30:00,175.3
12/09/2014,14:35:00,175.8
12/09/2014,14:40:00,175.6
12/09/2014,14:45:00,175.95
12/09/2014,14:50:00,176.1
12/09/2014,14:55:00,176.2
12/09/2014,15:00:00,176.15
12/09/2014,15:05:00,176.5
12/09/2014,15:10:00,176.45
12/09/2014,15:15:00,176.5
12/09/2014,15:20:00,176.5
12/09/2014,15:25:00,176.75
12/09/2014,15:30:00,176.7
15/09/2014,09:20:00,176.25
15/09/2014,09:25:00,175.8
15/09/2014,09:30:00,175.35
15/09/2014,09:35:00,175.2
15/09/2014,09:40:00,176.2
15/09/2014,09:45:00,175.75
15/09/2014,09:50:00,176.3
15/09/2014,09:55:00,177.85
15/09/2014,10:00:00,178.1
15/09/2014,10:05:00,178.25
15/09/2014,10:10:00,178.35
15/09/2014,10:15:00,178.45
15/09/2014,10:20:00,178.5
15/09/2014,10:25:00,178.45
15/09/2014,10:30:00,178.3
15/09/2014,10:35:00,178.2
15/09/2014,10:40:00,178.0
15/09/2014,10:45:00,177.85
15/09/2014,10:50:00,178.3
15/09/2014,10:55:00,178.6
15/09/2014,11:00:00,178.8
15/09/2014,11:05:00,178.85
15/09/2014,11:10:00,178.8
15/09/2014,11:15:00,178.5
15/09/2014,11:20:00,178.5
15/09/2014,11:25:00,178.65
15/09/2014,11:30:00,178.7
15/09/2014,11:35:00,178.8
15/09/2014,11:40:00,178.4
15/09/2014,11:45:00,178.0
15/09/2014,11:50:00,178.1
15/09/2014,11:55:00,178.0
15/09/2014,12:00:00,178.15
15/09/2014,12:05:00,177.4
15/09/2014,12:10:00,177.05
15/09/2014,12:15:00,176.9
15/09/2014,12:20:00,176.8
15/09/2014,12:25:00,176.55
15/09/2014,12:30:00,177.0
15/09/2014,12:35:00,176.8
15/09/2014,12:40:00,176.7
15/09/2014,12:45:00,176.65
15/09/2014,12:50:00,176.85
15/09/2014,12:55:00,176.7
15/09/2014,13:00:00,176.7
15/09/2014,13:05:00,176.5
15/09/2014,13:10:00,176.1
15/09/2014,13:15:00,176.0
15/09/2014,13:20:00,175.9
15/09/2014,13:25:00,176.0
15/09/2014,13:30:00,176.0
15/09/2014,13:35:00,175.85
15/09/2014,13:40:00,175.9
15/09/2014,13:45:00,176.05
15/09/2014,13:50:00,176.3
15/09/2014,13:55:00,176.4
15/09/2014,14:00:00,176.7
15/09/2014,14:05:00,176.5
15/09/2014,14:10:00,176.2
15/09/2014,14:15:00,176.55
15/09/2014,14:20:00,176.4
15/09/2014,14:25:00,176.6
15/09/2014,14:30:00,176.4
15/09/2014,14:35:00,176.4
15/09/2014,14:40:00,176.75
15/09/2014,14:45:00,176.45
15/09/2014,14:50:00,176.6
15/09/2014,14:55:00,176.6
15/09/2014,15:00:00,176.65
15/09/2014,15:05:00,176.45
15/09/2014,15:10:00,175.8
15/09/2014,15:15:00,175.6
15/09/2014,15:20:00,175.45
15/09/2014,15:25:00,174.3
15/09/2014,15:30:00,174.5
16/09/2014,09:20:00,176.6
16/09/2014,09:25:00,176.75
16/09/2014,09:30:00,176.3
16/09/2014,09:35:00,176.8
16/09/2014,09:40:00,176.35
16/09/2014,09:45:00,176.25
16/09/2014,09:50:00,176.45
16/09/2014,09:55:00,176.5
16/09/2014,10:00:00,176.75
16/09/2014,10:05:00,176.55
16/09/2014,10:10:00,176.25
16/09/2014,10:15:00,176.1
16/09/2014,10:20:00,176.2
16/09/2014,10:25:00,176.2
16/09/2014,10:30:00,176.05
16/09/2014,10:35:00,175.85
16/09/2014,10:40:00,175.75
16/09/2014,10:45:00,175.55
16/09/2014,10:50:00,175.55
16/09/2014,10:55:00,175.75
16/09/2014,11:00:00,175.3
16/09/2014,11:05:00,175.45
16/09/2014,11:10:00,175.35
16/09/2014,11:15:00,176.1
16/09/2014,11:20:00,176.05
16/09/2014,11:25:00,176.05
16/09/2014,11:30:00,176.15
16/09/2014,11:35:00,176.25
16/09/2014,11:40:00,176.1
16/09/2014,11:45:00,176.05
16/09/2014,11:50:00,176.05
16/09/2014,11:55:00,176.05
16/09/2014,12:00:00,176.1
16/09/2014,12:05:00,176.0
16/09/2014,12:10:00,175.9
16/09/2014,12:15:00,175.9
16/09/2014,12:20:00,175.8
16/09/2014,12:25:00,176.0
16/09/2014,12:30:00,175.0
16/09/2014,12:35:00,175.55
16/09/2014,12:40:00,175.5
16/09/2014,12:45:00,175.2
16/09/2014,12:50:00,175.2
16/09/2014,12:55:00,174.9
16/09/2014,13:00:00,175.0
16/09/2014,13:05:00,175.45
16/09/2014,13:10:00,174.65
16/09/2014,13:15:00,174.3
16/09/2014,13:20:00,173.95
16/09/2014,13:25:00,172.85
16/09/2014,13:30:00,171.6
16/09/2014,13:35:00,172.45
16/09/2014,13:40:00,171.7
16/09/2014,13:45:00,172.3
16/09/2014,13:50:00,172.7
16/09/2014,13:55:00,173.35
16/09/2014,14:00:00,173.3
16/09/2014,14:05:00,173.4
16/09/2014,14:10:00,173.0
16/09/2014,14:15:00,173.1
16/09/2014,14:20:00,172.85
16/09/2014,14:25:00,172.75
16/09/2014,14:30:00,172.75
16/09/2014,14:35:00,173.35
16/09/2014,14:40:00,173.5
16/09/2014,14:45:00,173.25
16/09/2014,14:50:00,173.4
16/09/2014,14:55:00,173.6
16/09/2014,15:00:00,173.5
16/09/2014,15:05:00,173.5
16/09/2014,15:10:00,173.3
16/09/2014,15:15:00,173.55
16/09/2014,15:20:00,174.05
16/09/2014,15:25:00,173.55
16/09/2014,15:30:00,174.0
17/09/2014,09:20:00,175.2
17/09/2014,09:25:00,176.7
17/09/2014,09:30:00,176.3
17/09/2014,09:35:00,175.85
17/09/2014,09:40:00,176.15
17/09/2014,09:45:00,175.9
17/09/2014,09:50:00,176.95
17/09/2014,09:55:00,177.9
17/09/2014,10:00:00,178.05
17/09/2014,10:05:00,177.9
17/09/2014,10:10:00,177.7
17/09/2014,10:15:00,177.4
17/09/2014,10:20:00,177.6
17/09/2014,10:25:00,178.2
17/09/2014,10:30:00,177.5
17/09/2014,10:35:00,177.5
17/09/2014,10:40:00,177.15
17/09/2014,10:45:00,177.2
17/09/2014,10:50:00,177.3
17/09/2014,10:55:00,177.3
17/09/2014,11:00:00,176.8
17/09/2014,11:05:00,177.1
17/09/2014,11:10:00,177.0
17/09/2014,11:15:00,177.0
17/09/2014,11:20:00,177.05
17/09/2014,11:25:00,177.1
17/09/2014,11:30:00,176.6
17/09/2014,11:35:00,176.9
17/09/2014,11:40:00,176.95
17/09/2014,11:45:00,176.85
17/09/2014,11:50:00,177.0
17/09/2014,11:55:00,177.1
17/09/2014,12:00:00,176.85
17/09/2014,12:05:00,176.95
17/09/2014,12:10:00,176.95
17/09/2014,12:15:00,176.4
17/09/2014,12:20:00,176.1
17/09/2014,12:25:00,176.2
17/09/2014,12:30:00,176.05
17/09/2014,12:35:00,176.6
17/09/2014,12:40:00,176.8
17/09/2014,12:45:00,176.4
17/09/2014,12:50:00,177.0
17/09/2014,12:55:00,176.75
17/09/2014,13:00:00,176.4
17/09/2014,13:05:00,176.65
17/09/2014,13:10:00,176.95
17/09/2014,13:15:00,176.2
17/09/2014,13:20:00,176.6
17/09/2014,13:25:00,176.55
17/09/2014,13:30:00,176.45
17/09/2014,13:35:00,175.95
17/09/2014,13:40:00,175.95
17/09/2014,13:45:00,175.85
17/09/2014,13:50:00,176.2
17/09/2014,13:55:00,176.2
17/09/2014,14:00:00,175.85
17/09/2014,14:05:00,175.95
17/09/2014,14:10:00,175.9
17/09/2014,14:15:00,175.75
17/09/2014,14:20:00,175.65
17/09/2014,14:25:00,176.0
17/09/2014,14:30:00,175.75
17/09/2014,14:35:00,176.1
17/09/2014,14:40:00,176.15
17/09/2014,14:45:00,175.6
17/09/2014,14:50:00,176.1
17/09/2014,14:55:00,175.95
17/09/2014,15:00:00,175.85
17/09/2014,15:05:00,175.9
17/09/2014,15:10:00,175.4
17/09/2014,15:15:00,174.6
17/09/2014,15:20:00,174.9
17/09/2014,15:25:00,175.6
17/09/2014,15:30:00,175.6
18/09/2014,09:20:00,174.4
18/09/2014,09:25:00,174.3
18/09/2014,09:30:00,174.75
18/09/2014,09:35:00,175.0
18/09/2014,09:40:00,176.1
18/09/2014,09:45:00,176.35
18/09/2014,09:50:00,176.0
18/09/2014,09:55:00,175.95
18/09/2014,10:00:00,175.9
18/09/2014,10:05:00,175.8
18/09/2014,10:10:00,175.9
18/09/2014,10:15:00,175.95
18/09/2014,10:20:00,176.05
18/09/2014,10:25:00,176.0
18/09/2014,10:30:00,176.05
18/09/2014,10:35:00,175.4
18/09/2014,10:40:00,175.95
18/09/2014,10:45:00,176.2
18/09/2014,10:50:00,175.95
18/09/2014,10:55:00,176.2
18/09/2014,11:00:00,176.2
18/09/2014,11:05:00,176.3
18/09/2014,11:10:00,176.45
18/09/2014,11:15:00,176.5
18/09/2014,11:20:00,176.4
18/09/2014,11:25:00,176.25
18/09/2014,11:30:00,176.3
18/09/2014,11:35:00,176.3
18/09/2014,11:40:00,176.15
18/09/2014,11:45:00,176.2
18/09/2014,11:50:00,176.1
18/09/2014,11:55:00,176.0
18/09/2014,12:00:00,176.0
18/09/2014,12:05:00,176.0
18/09/2014,12:10:00,176.0
18/09/2014,12:15:00,176.05
18/09/2014,12:20:00,175.9
18/09/2014,12:25:00,175.7
18/09/2014,12:30:00,175.85
18/09/2014,12:35:00,176.1
18/09/2014,12:40:00,176.05
18/09/2014,12:45:00,176.15
18/09/2014,12:50:00,176.25
18/09/2014,12:55:00,175.7
18/09/2014,13:00:00,175.75
18/09/2014,13:05:00,175.9
18/09/2014,13:10:00,176.2
18/09/2014,13:15:00,176.1
18/09/2014,13:20:00,176.25
18/09/2014,13:25:00,176.3
18/09/2014,13:30:00,176.25
18/09/2014,13:35:00,176.1
18/09/2014,13:40:00,176.0
18/09/2014,13:45:00,176.15
18/09/2014,13:50:00,176.25
18/09/2014,13:55:00,176.25
18/09/2014,14:00:00,175.95
18/09/2014,14:05:00,176.2
18/09/2014,14:10:00,176.0
18/09/2014,14:15:00,176.1
18/09/2014,14:20:00,176.2
18/09/2014,14:25:00,175.85
18/09/2014,14:30:00,176.2
18/09/2014,14:35:00,176.1
18/09/2014,14:40:00,176.3
18/09/2014,14:45:00,176.1
18/09/2014,14:50:00,176.0
18/09/2014,14:55:00,175.85
18/09/2014,15:00:00,175.7
18/09/2014,15:05:00,175.65
18/09/2014,15:10:00,175.95
18/09/2014,15:15:00,175.65
18/09/2014,15:20:00,175.4
18/09/2014,15:25:00,175.6
18/09/2014,15:30:00,175.3
19/09/2014,09:20:00,175.9
19/09/2014,09:25:00,174.95
19/09/2014,09:30:00,175.45
19/09/2014,09:35:00,175.55
19/09/2014,09:40:00,175.15
19/09/2014,09:45:00,175.0
19/09/2014,09:50:00,174.8
19/09/2014,09:55:00,174.2
19/09/2014,10:00:00,174.35
19/09/2014,10:05:00,174.55
19/09/2014,10:10:00,174.35
19/09/2014,10:15:00,174.25
19/09/2014,10:20:00,174.2
19/09/2014,10:25:00,174.4
19/09/2014,10:30:00,174.6
19/09/2014,10:35:00,174.4
19/09/2014,10:40:00,174.45
19/09/2014,10:45:00,174.6
19/09/2014,10:50:00,174.4
19/09/2014,10:55:00,174.7
19/09/2014,11:00:00,174.35
19/09/2014,11:05:00,174.3
19/09/2014,11:10:00,174.3
19/09/2014,11:15:00,174.35
19/09/2014,11:20:00,173.8
19/09/2014,11:25:00,174.0
19/09/2014,11:30:00,173.6
19/09/2014,11:35:00,172.2
19/09/2014,11:40:00,172.25
19/09/2014,11:45:00,172.35
19/09/2014,11:50:00,172.35
19/09/2014,11:55:00,172.9
19/09/2014,12:00:00,172.8
19/09/2014,12:05:00,173.15
19/09/2014,12:10:00,173.1
19/09/2014,12:15:00,173.05
19/09/2014,12:20:00,173.6
19/09/2014,12:25:00,173.6
19/09/2014,12:30:00,173.55
19/09/2014,12:35:00,173.5
19/09/2014,12:40:00,173.5
19/09/2014,12:45:00,173.55
19/09/2014,12:50:00,173.85
19/09/2014,12:55:00,173.9
19/09/2014,13:00:00,173.55
19/09/2014,13:05:00,173.8
19/09/2014,13:10:00,173.65
19/09/2014,13:15:00,173.7
19/09/2014,13:20:00,174.2
19/09/2014,13:25:00,173.9
19/09/2014,13:30:00,174.0
19/09/2014,13:35:00,174.0
19/09/2014,13:40:00,173.95
19/09/2014,13:45:00,173.9
19/09/2014,13:50:00,173.8
19/09/2014,13:55:00,174.0
19/09/2014,14:00:00,174.2
19/09/2014,14:05:00,174.2
19/09/2014,14:10:00,174.2
19/09/2014,14:15:00,174.1
19/09/2014,14:20:00,174.05
19/09/2014,14:25:00,173.95
19/09/2014,14:30:00,174.0
19/09/2014,14:35:00,174.05
19/09/2014,14:40:00,174.1
19/09/2014,14:45:00,174.0
19/09/2014,14:50:00,174.05
19/09/2014,14:55:00,174.05
19/09/2014,15:00:00,174.05
19/09/2014,15:05:00,174.25
19/09/2014,15:10:00,174.85
19/09/2014,15:15:00,174.8
19/09/2014,15:20:00,174.45
19/09/2014,15:25:00,174.05
19/09/2014,15:30:00,174.8
22/09/2014,09:20:00,173.45
22/09/2014,09:25:00,173.3
22/09/2014,09:30:00,172.8
22/09/2014,09:35:00,173.2
22/09/2014,09:40:00,173.05
22/09/2014,09:45:00,173.2
22/09/2014,09:50:00,172.75
22/09/2014,09:55:00,172.75
22/09/2014,10:00:00,173.05
22/09/2014,10:05:00,173.25
22/09/2014,10:10:00,172.95
22/09/2014,10:15:00,172.8
22/09/2014,10:20:00,172.0
22/09/2014,10:25:00,172.0
22/09/2014,10:30:00,172.0
22/09/2014,10:35:00,171.8
22/09/2014,10:40:00,171.85
22/09/2014,10:45:00,171.6
22/09/2014,10:50:00,171.0
22/09/2014,10:55:00,171.25
22/09/2014,11:00:00,171.0
22/09/2014,11:05:00,171.0
22/09/2014,11:10:00,171.3
22/09/2014,11:15:00,171.2
22/09/2014,11:20:00,171.05
22/09/2014,11:25:00,171.45
22/09/2014,11:30:00,171.0
22/09/2014,11:35:00,171.0
22/09/2014,11:40:00,171.15
22/09/2014,11:45:00,170.95
22/09/2014,11:50:00,171.0
22/09/2014,11:55:00,171.0
22/09/2014,12:00:00,171.1
22/09/2014,12:05:00,171.15
22/09/2014,12:10:00,171.5
22/09/2014,12:15:00,171.5
22/09/2014,12:20:00,171.5
22/09/2014,12:25:00,171.6
22/09/2014,12:30:00,171.7
22/09/2014,12:35:00,171.9
22/09/2014,12:40:00,171.75
22/09/2014,12:45:00,171.9
22/09/2014,12:50:00,172.0
22/09/2014,12:55:00,172.2
22/09/2014,13:00:00,172.7
22/09/2014,13:05:00,172.8
22/09/2014,13:10:00,173.0
22/09/2014,13:15:00,172.9
22/09/2014,13:20:00,173.1
22/09/2014,13:25:00,173.15
22/09/2014,13:30:00,173.0
22/09/2014,13:35:00,172.85
22/09/2014,13:40:00,172.8
22/09/2014,13:45:00,172.65
22/09/2014,13:50:00,172.75
22/09/2014,13:55:00,172.7
22/09/2014,14:00:00,173.0
22/09/2014,14:05:00,173.05
22/09/2014,14:10:00,173.0
22/09/2014,14:15:00,172.6
22/09/2014,14:20:00,172.85
22/09/2014,14:25:00,172.6
22/09/2014,14:30:00,172.65
22/09/2014,14:35:00,172.65
22/09/2014,14:40:00,172.6
22/09/2014,14:45:00,172.55
22/09/2014,14:50:00,173.0
22/09/2014,14:55:00,173.05
22/09/2014,15:00:00,172.7
22/09/2014,15:05:00,172.8
22/09/2014,15:10:00,172.1
22/09/2014,15:15:00,172.5
22/09/2014,15:20:00,173.0
22/09/2014,15:25:00,173.0
22/09/2014,15:30:00,173.45
23/09/2014,09:20:00,172.4
23/09/2014,09:25:00,172.35
23/09/2014,09:30:00,172.25
23/09/2014,09:35:00,171.8
23/09/2014,09:40:00,171.3
23/09/2014,09:45:00,170.85
23/09/2014,09:50:00,171.05
23/09/2014,09:55:00,171.35
23/09/2014,10:00:00,171.25
23/09/2014,10:05:00,171.1
23/09/2014,10:10:00,171.05
23/09/2014,10:15:00,171.0
23/09/2014,10:20:00,170.3
23/09/2014,10:25:00,170.55
23/09/2014,10:30:00,170.55
23/09/2014,10:35:00,170.5
23/09/2014,10:40:00,170.2
23/09/2014,10:45:00,170.1
23/09/2014,10:50:00,170.45
23/09/2014,10:55:00,170.15
23/09/2014,11:00:00,170.0
23/09/2014,11:05:00,170.05
23/09/2014,11:10:00,170.0
23/09/2014,11:15:00,170.0
23/09/2014,11:20:00,170.1
23/09/2014,11:25:00,170.3
23/09/2014,11:30:00,170.15
23/09/2014,11:35:00,170.15
23/09/2014,11:40:00,170.2
23/09/2014,11:45:00,170.05
23/09/2014,11:50:00,170.15
23/09/2014,11:55:00,170.05
23/09/2014,12:00:00,170.1
23/09/2014,12:05:00,170.1
23/09/2014,12:10:00,170.1
23/09/2014,12:15:00,170.15
23/09/2014,12:20:00,170.15
23/09/2014,12:25:00,170.15
23/09/2014,12:30:00,170.2
23/09/2014,12:35:00,170.2
23/09/2014,12:40:00,170.15
23/09/2014,12:45:00,170.2
23/09/2014,12:50:00,170.2
23/09/2014,12:55:00,170.25
23/09/2014,13:00:00,170.25
23/09/2014,13:05:00,170.25
23/09/2014,13:10:00,170.3
23/09/2014,13:15:00,170.25
23/09/2014,13:20:00,170.25
23/09/2014,13:25:00,170.25
23/09/2014,13:30:00,170.3
23/09/2014,13:35:00,169.0
23/09/2014,13:40:00,169.25
23/09/2014,13:45:00,168.95
23/09/2014,13:50:00,169.05
23/09/2014,13:55:00,169.05
23/09/2014,14:00:00,169.05
23/09/2014,14:05:00,169.25
23/09/2014,14:10:00,169.25
23/09/2014,14:15:00,169.1
23/09/2014,14:20:00,169.5
23/09/2014,14:25:00,169.5
23/09/2014,14:30:00,169.3
23/09/2014,14:35:00,169.3
23/09/2014,14:40:00,169.25
23/09/2014,14:45:00,169.25
23/09/2014,14:50:00,169.25
23/09/2014,14:55:00,169.35
23/09/2014,15:00:00,169.25
23/09/2014,15:05:00,169.25
23/09/2014,15:10:00,169.25
23/09/2014,15:15:00,169.25
23/09/2014,15:20:00,169.25
23/09/2014,15:25:00,169.4
23/09/2014,15:30:00,169.5
24/09/2014,09:20:00,168.35
24/09/2014,09:25:00,168.7
24/09/2014,09:30:00,168.4
24/09/2014,09:35:00,168.25
24/09/2014,09:40:00,168.35
24/09/2014,09:45:00,168.7
24/09/2014,09:50:00,168.5
24/09/2014,09:55:00,168.45
24/09/2014,10:00:00,168.95
24/09/2014,10:05:00,168.3
24/09/2014,10:10:00,168.1
24/09/2014,10:15:00,168.65
24/09/2014,10:20:00,168.2
24/09/2014,10:25:00,168.55
24/09/2014,10:30:00,167.3
24/09/2014,10:35:00,167.1
24/09/2014,10:40:00,167.5
24/09/2014,10:45:00,167.25
24/09/2014,10:50:00,167.15
24/09/2014,10:55:00,167.35
24/09/2014,11:00:00,167.1
24/09/2014,11:05:00,167.5
24/09/2014,11:10:00,167.5
24/09/2014,11:15:00,167.75
24/09/2014,11:20:00,168.0
24/09/2014,11:25:00,168.1
24/09/2014,11:30:00,167.8
24/09/2014,11:35:00,167.95
24/09/2014,11:40:00,168.0
24/09/2014,11:45:00,167.85
24/09/2014,11:50:00,167.95
24/09/2014,11:55:00,167.8
24/09/2014,12:00:00,168.0
24/09/2014,12:05:00,168.0
24/09/2014,12:10:00,167.1
24/09/2014,12:15:00,166.6
24/09/2014,12:20:00,166.7
24/09/2014,12:25:00,166.7
24/09/2014,12:30:00,166.8
24/09/2014,12:35:00,167.05
24/09/2014,12:40:00,167.05
24/09/2014,12:45:00,166.7
24/09/2014,12:50:00,166.75
24/09/2014,12:55:00,167.0
24/09/2014,13:00:00,167.0
24/09/2014,13:05:00,167.0
24/09/2014,13:10:00,167.1
24/09/2014,13:15:00,167.2
24/09/2014,13:20:00,166.8
24/09/2014,13:25:00,166.95
24/09/2014,13:30:00,167.1
24/09/2014,13:35:00,167.0
24/09/2014,13:40:00,167.1
24/09/2014,13:45:00,167.0
24/09/2014,13:50:00,167.0
24/09/2014,13:55:00,167.0
24/09/2014,14:00:00,167.05
24/09/2014,14:05:00,167.0
24/09/2014,14:10:00,167.0
24/09/2014,14:15:00,167.65
24/09/2014,14:20:00,167.5
24/09/2014,14:25:00,168.0
24/09/2014,14:30:00,168.0
24/09/2014,14:35:00,167.95
24/09/2014,14:40:00,167.35
24/09/2014,14:45:00,168.0
24/09/2014,14:50:00,168.0
24/09/2014,14:55:00,168.0
24/09/2014,15:00:00,168.05
24/09/2014,15:05:00,168.0
24/09/2014,15:10:00,168.05
24/09/2014,15:15:00,168.6
24/09/2014,15:20:00,169.1
24/09/2014,15:25:00,169.1
24/09/2014,15:30:00,169.35
25/09/2014,09:20:00,168.1
25/09/2014,09:25:00,168.05
25/09/2014,09:30:00,168.6
25/09/2014,09:35:00,169.2
25/09/2014,09:40:00,169.0
25/09/2014,09:45:00,169.25
25/09/2014,09:50:00,170.55
25/09/2014,09:55:00,169.95
25/09/2014,10:00:00,170.1
25/09/2014,10:05:00,169.75
25/09/2014,10:10:00,169.45
25/09/2014,10:15:00,169.7
25/09/2014,10:20:00,169.05
25/09/2014,10:25:00,167.3
25/09/2014,10:30:00,165.45
25/09/2014,10:35:00,165.25
25/09/2014,10:40:00,163.0
25/09/2014,10:45:00,164.0
25/09/2014,10:50:00,164.3
25/09/2014,10:55:00,164.35
25/09/2014,11:00:00,164.05
25/09/2014,11:05:00,164.55
25/09/2014,11:10:00,164.35
25/09/2014,11:15:00,165.0
25/09/2014,11:20:00,164.8
25/09/2014,11:25:00,165.0
25/09/2014,11:30:00,165.5
25/09/2014,11:35:00,166.0
25/09/2014,11:40:00,166.75
25/09/2014,11:45:00,166.85
25/09/2014,11:50:00,167.15
25/09/2014,11:55:00,167.2
25/09/2014,12:00:00,167.2
25/09/2014,12:05:00,167.35
25/09/2014,12:10:00,166.95
25/09/2014,12:15:00,167.0
25/09/2014,12:20:00,167.85
25/09/2014,12:25:00,167.6
25/09/2014,12:30:00,168.15
25/09/2014,12:35:00,168.35
25/09/2014,12:40:00,167.9
25/09/2014,12:45:00,167.2
25/09/2014,12:50:00,167.95
25/09/2014,12:55:00,168.3
25/09/2014,13:00:00,168.5
25/09/2014,13:05:00,168.6
25/09/2014,13:10:00,168.25
25/09/2014,13:15:00,168.05
25/09/2014,13:20:00,168.5
25/09/2014,13:25:00,168.25
25/09/2014,13:30:00,168.05
25/09/2014,13:35:00,168.0
25/09/2014,13:40:00,168.55
25/09/2014,13:45:00,168.35
25/09/2014,13:50:00,168.15
25/09/2014,13:55:00,168.0
25/09/2014,14:00:00,168.05
25/09/2014,14:05:00,167.7
25/09/2014,14:10:00,167.05
25/09/2014,14:15:00,166.5
25/09/2014,14:20:00,167.15
25/09/2014,14:25:00,167.55
25/09/2014,14:30:00,167.0
25/09/2014,14:35:00,166.7
25/09/2014,14:40:00,167.0
25/09/2014,14:45:00,165.65
25/09/2014,14:50:00,165.0
25/09/2014,14:55:00,165.6
25/09/2014,15:00:00,164.1
25/09/2014,15:05:00,160.8
25/09/2014,15:10:00,158.7
25/09/2014,15:15:00,158.6
25/09/2014,15:20:00,158.1
25/09/2014,15:25:00,159.55
25/09/2014,15:30:00,161.0
26/09/2014,09:20:00,160.15
26/09/2014,09:25:00,160.4
26/09/2014,09:30:00,160.95
26/09/2014,09:35:00,161.15
26/09/2014,09:40:00,161.15
26/09/2014,09:45:00,161.15
26/09/2014,09:50:00,162.15
26/09/2014,09:55:00,162.4
26/09/2014,10:00:00,162.6
26/09/2014,10:05:00,162.45
26/09/2014,10:10:00,162.3
26/09/2014,10:15:00,162.0
26/09/2014,10:20:00,162.0
26/09/2014,10:25:00,162.05
26/09/2014,10:30:00,162.2
26/09/2014,10:35:00,161.75
26/09/2014,10:40:00,161.85
26/09/2014,10:45:00,161.4
26/09/2014,10:50:00,161.1
26/09/2014,10:55:00,160.5
26/09/2014,11:00:00,161.4
26/09/2014,11:05:00,160.95
26/09/2014,11:10:00,160.6
26/09/2014,11:15:00,161.05
26/09/2014,11:20:00,161.05
26/09/2014,11:25:00,161.05
26/09/2014,11:30:00,161.15
26/09/2014,11:35:00,161.15
26/09/2014,11:40:00,161.55
26/09/2014,11:45:00,161.65
26/09/2014,11:50:00,161.75
26/09/2014,11:55:00,162.25
26/09/2014,12:00:00,162.2
26/09/2014,12:05:00,162.45
26/09/2014,12:10:00,162.25
26/09/2014,12:15:00,162.0
26/09/2014,12:20:00,162.2
26/09/2014,12:25:00,162.15
26/09/2014,12:30:00,162.05
26/09/2014,12:35:00,162.1
26/09/2014,12:40:00,162.35
26/09/2014,12:45:00,162.45
26/09/2014,12:50:00,162.5
26/09/2014,12:55:00,162.55
26/09/2014,13:00:00,162.8
26/09/2014,13:05:00,163.0
26/09/2014,13:10:00,162.9
26/09/2014,13:15:00,163.1
26/09/2014,13:20:00,163.15
26/09/2014,13:25:00,163.25
26/09/2014,13:30:00,163.3
26/09/2014,13:35:00,163.3
26/09/2014,13:40:00,163.25
26/09/2014,13:45:00,163.2
26/09/2014,13:50:00,163.3
26/09/2014,13:55:00,163.35
26/09/2014,14:00:00,163.6
26/09/2014,14:05:00,163.5
26/09/2014,14:10:00,163.5
26/09/2014,14:15:00,163.5
26/09/2014,14:20:00,163.55
26/09/2014,14:25:00,163.1
26/09/2014,14:30:00,162.85
26/09/2014,14:35:00,163.5
26/09/2014,14:40:00,163.5
26/09/2014,14:45:00,164.15
26/09/2014,14:50:00,164.25
26/09/2014,14:55:00,164.65
26/09/2014,15:00:00,164.7
26/09/2014,15:05:00,164.5
26/09/2014,15:10:00,166.0
26/09/2014,15:15:00,166.0
26/09/2014,15:20:00,166.55
26/09/2014,15:25:00,166.9
26/09/2014,15:30:00,167.1
29/09/2014,09:20:00,164.35
29/09/2014,09:25:00,164.55
29/09/2014,09:30:00,163.35
29/09/2014,09:35:00,164.4
29/09/2014,09:40:00,164.7
29/09/2014,09:45:00,164.9
29/09/2014,09:50:00,164.9
29/09/2014,09:55:00,164.5
29/09/2014,10:00:00,165.0
29/09/2014,10:05:00,165.3
29/09/2014,10:10:00,165.35
29/09/2014,10:15:00,165.05
29/09/2014,10:20:00,164.6
29/09/2014,10:25:00,164.25
29/09/2014,10:30:00,164.2
29/09/2014,10:35:00,164.1
29/09/2014,10:40:00,164.15
29/09/2014,10:45:00,163.95
29/09/2014,10:50:00,163.85
29/09/2014,10:55:00,163.5
29/09/2014,11:00:00,163.4
29/09/2014,11:05:00,163.25
29/09/2014,11:10:00,163.5
29/09/2014,11:15:00,164.0
29/09/2014,11:20:00,164.0
29/09/2014,11:25:00,163.85
29/09/2014,11:30:00,163.85
29/09/2014,11:35:00,164.0
29/09/2014,11:40:00,164.0
29/09/2014,11:45:00,164.0
29/09/2014,11:50:00,163.9
29/09/2014,11:55:00,163.9
29/09/2014,12:00:00,164.35
29/09/2014,12:05:00,164.3
29/09/2014,12:10:00,164.85
29/09/2014,12:15:00,164.6
29/09/2014,12:20:00,164.65
29/09/2014,12:25:00,164.5
29/09/2014,12:30:00,164.55
29/09/2014,12:35:00,164.5
29/09/2014,12:40:00,164.6
29/09/2014,12:45:00,164.6
29/09/2014,12:50:00,164.55
29/09/2014,12:55:00,164.6
29/09/2014,13:00:00,164.55
29/09/2014,13:05:00,165.0
29/09/2014,13:10:00,164.85
29/09/2014,13:15:00,165.15
29/09/2014,13:20:00,165.25
29/09/2014,13:25:00,165.4
29/09/2014,13:30:00,165.5
29/09/2014,13:35:00,165.55
29/09/2014,13:40:00,165.5
29/09/2014,13:45:00,165.1
29/09/2014,13:50:00,165.25
29/09/2014,13:55:00,165.2
29/09/2014,14:00:00,165.1
29/09/2014,14:05:00,165.25
29/09/2014,14:10:00,165.45
29/09/2014,14:15:00,165.1
29/09/2014,14:20:00,165.0
29/09/2014,14:25:00,165.5
29/09/2014,14:30:00,165.0
29/09/2014,14:35:00,165.1
29/09/2014,14:40:00,165.4
29/09/2014,14:45:00,165.3
29/09/2014,14:50:00,165.25
29/09/2014,14:55:00,165.25
29/09/2014,15:00:00,165.2
29/09/2014,15:05:00,165.0
29/09/2014,15:10:00,165.2
29/09/2014,15:15:00,165.0
29/09/2014,15:20:00,165.2
29/09/2014,15:25:00,165.3
29/09/2014,15:30:00,165.6
30/09/2014,09:20:00,164.35
30/09/2014,09:25:00,164.35
30/09/2014,09:30:00,164.75
30/09/2014,09:35:00,164.45
30/09/2014,09:40:00,164.5
30/09/2014,09:45:00,164.4
30/09/2014,09:50:00,164.55
30/09/2014,09:55:00,165.35
30/09/2014,10:00:00,164.85
30/09/2014,10:05:00,164.2
30/09/2014,10:10:00,164.1
30/09/2014,10:15:00,164.45
30/09/2014,10:20:00,164.45
30/09/2014,10:25:00,164.5
30/09/2014,10:30:00,164.55
30/09/2014,10:35:00,164.5
30/09/2014,10:40:00,164.5
30/09/2014,10:45:00,164.45
30/09/2014,10:50:00,164.6
30/09/2014,10:55:00,164.5
30/09/2014,11:00:00,164.95
30/09/2014,11:05:00,164.5
30/09/2014,11:10:00,164.95
30/09/2014,11:15:00,164.5
30/09/2014,11:20:00,164.9
30/09/2014,11:25:00,165.05
30/09/2014,11:30:00,164.95
30/09/2014,11:35:00,165.1
30/09/2014,11:40:00,165.15
30/09/2014,11:45:00,165.0
30/09/2014,11:50:00,165.0
30/09/2014,11:55:00,165.05
30/09/2014,12:00:00,165.05
30/09/2014,12:05:00,165.1
30/09/2014,12:10:00,165.1
30/09/2014,12:15:00,165.1
30/09/2014,12:20:00,165.2
30/09/2014,12:25:00,165.0
30/09/2014,12:30:00,165.05
30/09/2014,12:35:00,165.0
30/09/2014,12:40:00,165.0
30/09/2014,12:45:00,165.1
30/09/2014,12:50:00,165.55
30/09/2014,12:55:00,165.8
30/09/2014,13:00:00,167.35
30/09/2014,13:05:00,167.65
30/09/2014,13:10:00,167.5
30/09/2014,13:15:00,167.5
30/09/2014,13:20:00,167.0
30/09/2014,13:25:00,167.0
30/09/2014,13:30:00,167.0
30/09/2014,13:35:00,166.85
30/09/2014,13:40:00,166.7
30/09/2014,13:45:00,166.9
30/09/2014,13:50:00,166.95
30/09/2014,13:55:00,166.85
30/09/2014,14:00:00,166.1
30/09/2014,14:05:00,165.95
30/09/2014,14:10:00,165.8
30/09/2014,14:15:00,165.0
30/09/2014,14:20:00,165.15
30/09/2014,14:25:00,165.15
30/09/2014,14:30:00,165.1
30/09/2014,14:35:00,165.0
30/09/2014,14:40:00,165.0
30/09/2014,14:45:00,165.05
30/09/2014,14:50:00,165.05
30/09/2014,14:55:00,165.05
30/09/2014,15:00:00,165.25
30/09/2014,15:05:00,165.2
30/09/2014,15:10:00,165.0
30/09/2014,15:15:00,165.2
30/09/2014,15:20:00,165.5
30/09/2014,15:25:00,165.55
30/09/2014,15:30:00,165.25
01/10/2014,09:20:00,165.35
01/10/2014,09:25:00,165.4
01/10/2014,09:30:00,165.15
01/10/2014,09:35:00,165.1
01/10/2014,09:40:00,165.2
01/10/2014,09:45:00,165.5
01/10/2014,09:50:00,165.55
01/10/2014,09:55:00,165.5
01/10/2014,10:00:00,165.55
01/10/2014,10:05:00,165.5
01/10/2014,10:10:00,165.55
01/10/2014,10:15:00,165.5
01/10/2014,10:20:00,165.55
01/10/2014,10:25:00,165.55
01/10/2014,10:30:00,165.5
01/10/2014,10:35:00,165.55
01/10/2014,10:40:00,165.5
01/10/2014,10:45:00,165.25
01/10/2014,10:50:00,165.15
01/10/2014,10:55:00,164.95
01/10/2014,11:00:00,164.8
01/10/2014,11:05:00,164.65
01/10/2014,11:10:00,163.75
01/10/2014,11:15:00,163.65
01/10/2014,11:20:00,163.8
01/10/2014,11:25:00,163.75
01/10/2014,11:30:00,163.95
01/10/2014,11:35:00,164.0
01/10/2014,11:40:00,164.2
01/10/2014,11:45:00,163.95
01/10/2014,11:50:00,164.0
01/10/2014,11:55:00,164.3
01/10/2014,12:00:00,164.55
01/10/2014,12:05:00,164.2
01/10/2014,12:10:00,164.9
01/10/2014,12:15:00,165.0
01/10/2014,12:20:00,164.9
01/10/2014,12:25:00,165.0
01/10/2014,12:30:00,164.85
01/10/2014,12:35:00,164.8
01/10/2014,12:40:00,165.35
01/10/2014,12:45:00,166.3
01/10/2014,12:50:00,166.1
01/10/2014,12:55:00,166.0
01/10/2014,13:00:00,166.05
01/10/2014,13:05:00,166.0
01/10/2014,13:10:00,166.0
01/10/2014,13:15:00,166.1
01/10/2014,13:20:00,166.0
01/10/2014,13:25:00,165.9
01/10/2014,13:30:00,165.75
01/10/2014,13:35:00,166.2
01/10/2014,13:40:00,166.35
01/10/2014,13:45:00,166.05
01/10/2014,13:50:00,165.9
01/10/2014,13:55:00,166.05
01/10/2014,14:00:00,166.2
01/10/2014,14:05:00,166.1
01/10/2014,14:10:00,166.1
01/10/2014,14:15:00,166.0
01/10/2014,14:20:00,166.5
01/10/2014,14:25:00,167.0
01/10/2014,14:30:00,167.0
01/10/2014,14:35:00,166.85
01/10/2014,14:40:00,166.7
01/10/2014,14:45:00,166.55
01/10/2014,14:50:00,166.5
01/10/2014,14:55:00,166.55
01/10/2014,15:00:00,167.0
01/10/2014,15:05:00,166.85
01/10/2014,15:10:00,166.75
01/10/2014,15:15:00,166.8
01/10/2014,15:20:00,166.95
01/10/2014,15:25:00,166.7
01/10/2014,15:30:00,166.0
07/10/2014,09:20:00,166.3
07/10/2014,09:25:00,166.3
07/10/2014,09:30:00,166.8
07/10/2014,09:35:00,166.6
07/10/2014,09:40:00,166.65
07/10/2014,09:45:00,166.95
07/10/2014,09:50:00,166.8
07/10/2014,09:55:00,166.7
07/10/2014,10:00:00,166.75
07/10/2014,10:05:00,166.75
07/10/2014,10:10:00,166.9
07/10/2014,10:15:00,166.95
07/10/2014,10:20:00,166.85
07/10/2014,10:25:00,166.75
07/10/2014,10:30:00,166.85
07/10/2014,10:35:00,166.9
07/10/2014,10:40:00,166.7
07/10/2014,10:45:00,165.2
07/10/2014,10:50:00,163.2
07/10/2014,10:55:00,163.25
07/10/2014,11:00:00,163.4
07/10/2014,11:05:00,163.6
07/10/2014,11:10:00,163.45
07/10/2014,11:15:00,164.3
07/10/2014,11:20:00,164.4
07/10/2014,11:25:00,164.7
07/10/2014,11:30:00,164.9
07/10/2014,11:35:00,164.9
07/10/2014,11:40:00,165.45
07/10/2014,11:45:00,165.95
07/10/2014,11:50:00,165.85
07/10/2014,11:55:00,165.9
07/10/2014,12:00:00,165.65
07/10/2014,12:05:00,165.35
07/10/2014,12:10:00,165.55
07/10/2014,12:15:00,165.65
07/10/2014,12:20:00,165.7
07/10/2014,12:25:00,165.45
07/10/2014,12:30:00,165.65
07/10/2014,12:35:00,165.25
07/10/2014,12:40:00,164.95
07/10/2014,12:45:00,165.0
07/10/2014,12:50:00,165.0
07/10/2014,12:55:00,164.85
07/10/2014,13:00:00,165.05
07/10/2014,13:05:00,164.95
07/10/2014,13:10:00,164.95
07/10/2014,13:15:00,164.95
07/10/2014,13:20:00,164.9
07/10/2014,13:25:00,164.9
07/10/2014,13:30:00,164.75
07/10/2014,13:35:00,164.35
07/10/2014,13:40:00,164.35
07/10/2014,13:45:00,164.45
07/10/2014,13:50:00,164.4
07/10/2014,13:55:00,164.5
07/10/2014,14:00:00,164.5
07/10/2014,14:05:00,164.35
07/10/2014,14:10:00,164.15
07/10/2014,14:15:00,164.0
07/10/2014,14:20:00,163.95
07/10/2014,14:25:00,163.95
07/10/2014,14:30:00,164.0
07/10/2014,14:35:00,164.0
07/10/2014,14:40:00,164.05
07/10/2014,14:45:00,164.0
07/10/2014,14:50:00,164.0
07/10/2014,14:55:00,164.0
07/10/2014,15:00:00,163.95
07/10/2014,15:05:00,162.4
07/10/2014,15:10:00,160.8
07/10/2014,15:15:00,161.0
07/10/2014,15:20:00,159.85
07/10/2014,15:25:00,158.0
07/10/2014,15:30:00,157.65
08/10/2014,09:20:00,157.5
08/10/2014,09:25:00,157.95
08/10/2014,09:30:00,159.0
08/10/2014,09:35:00,158.45
08/10/2014,09:40:00,158.65
08/10/2014,09:45:00,158.45
08/10/2014,09:50:00,158.8
08/10/2014,09:55:00,159.25
08/10/2014,10:00:00,160.5
08/10/2014,10:05:00,160.95
08/10/2014,10:10:00,160.7
08/10/2014,10:15:00,160.95
08/10/2014,10:20:00,161.25
08/10/2014,10:25:00,161.35
08/10/2014,10:30:00,161.3
08/10/2014,10:35:00,161.7
08/10/2014,10:40:00,162.1
08/10/2014,10:45:00,162.0
08/10/2014,10:50:00,162.5
08/10/2014,10:55:00,162.5
08/10/2014,11:00:00,162.45
08/10/2014,11:05:00,162.65
08/10/2014,11:10:00,162.6
08/10/2014,11:15:00,161.8
08/10/2014,11:20:00,161.5
08/10/2014,11:25:00,161.45
08/10/2014,11:30:00,161.05
08/10/2014,11:35:00,161.1
08/10/2014,11:40:00,161.05
08/10/2014,11:45:00,161.2
08/10/2014,11:50:00,161.1
08/10/2014,11:55:00,161.3
08/10/2014,12:00:00,161.5
08/10/2014,12:05:00,161.45
08/10/2014,12:10:00,161.75
08/10/2014,12:15:00,161.7
08/10/2014,12:20:00,161.75
08/10/2014,12:25:00,161.75
08/10/2014,12:30:00,161.75
08/10/2014,12:35:00,161.75
08/10/2014,12:40:00,161.75
08/10/2014,12:45:00,161.8
08/10/2014,12:50:00,161.7
08/10/2014,12:55:00,161.85
08/10/2014,13:00:00,161.8
08/10/2014,13:05:00,161.65
08/10/2014,13:10:00,161.55
08/10/2014,13:15:00,161.05
08/10/2014,13:20:00,161.05
08/10/2014,13:25:00,161.0
08/10/2014,13:30:00,160.8
08/10/2014,13:35:00,160.75
08/10/2014,13:40:00,160.85
08/10/2014,13:45:00,160.85
08/10/2014,13:50:00,160.8
08/10/2014,13:55:00,160.5
08/10/2014,14:00:00,160.6
08/10/2014,14:05:00,160.35
08/10/2014,14:10:00,160.55
08/10/2014,14:15:00,160.3
08/10/2014,14:20:00,160.25
08/10/2014,14:25:00,160.0
08/10/2014,14:30:00,160.6
08/10/2014,14:35:00,160.5
08/10/2014,14:40:00,160.4
08/10/2014,14:45:00,160.4
08/10/2014,14:50:00,160.55
08/10/2014,14:55:00,161.85
08/10/2014,15:00:00,162.0
08/10/2014,15:05:00,161.8
08/10/2014,15:10:00,161.6
08/10/2014,15:15:00,161.1
08/10/2014,15:20:00,160.9
08/10/2014,15:25:00,161.7
08/10/2014,15:30:00,161.45
09/10/2014,09:20:00,162.45
09/10/2014,09:25:00,163.0
09/10/2014,09:30:00,162.5
09/10/2014,09:35:00,162.7
09/10/2014,09:40:00,163.0
09/10/2014,09:45:00,163.3
09/10/2014,09:50:00,163.65
09/10/2014,09:55:00,163.2
09/10/2014,10:00:00,163.2
09/10/2014,10:05:00,163.2
09/10/2014,10:10:00,162.9
09/10/2014,10:15:00,162.85
09/10/2014,10:20:00,162.85
09/10/2014,10:25:00,162.5
09/10/2014,10:30:00,162.45
09/10/2014,10:35:00,162.5
09/10/2014,10:40:00,162.35
09/10/2014,10:45:00,162.3
09/10/2014,10:50:00,162.3
09/10/2014,10:55:00,162.25
09/10/2014,11:00:00,162.1
09/10/2014,11:05:00,161.15
09/10/2014,11:10:00,160.75
09/10/2014,11:15:00,160.55
09/10/2014,11:20:00,160.35
09/10/2014,11:25:00,160.15
09/10/2014,11:30:00,160.2
09/10/2014,11:35:00,160.3
09/10/2014,11:40:00,160.4
09/10/2014,11:45:00,160.05
09/10/2014,11:50:00,160.05
09/10/2014,11:55:00,159.9
09/10/2014,12:00:00,159.75
09/10/2014,12:05:00,160.0
09/10/2014,12:10:00,160.15
09/10/2014,12:15:00,160.0
09/10/2014,12:20:00,160.0
09/10/2014,12:25:00,160.9
09/10/2014,12:30:00,160.5
09/10/2014,12:35:00,160.05
09/10/2014,12:40:00,160.1
09/10/2014,12:45:00,160.0
09/10/2014,12:50:00,160.3
09/10/2014,12:55:00,160.05
09/10/2014,13:00:00,160.05
09/10/2014,13:05:00,160.0
09/10/2014,13:10:00,160.05
09/10/2014,13:15:00,160.2
09/10/2014,13:20:00,160.25
09/10/2014,13:25:00,160.5
09/10/2014,13:30:00,160.65
09/10/2014,13:35:00,160.4
09/10/2014,13:40:00,160.4
09/10/2014,13:45:00,160.55
09/10/2014,13:50:00,160.15
09/10/2014,13:55:00,160.0
09/10/2014,14:00:00,160.2
09/10/2014,14:05:00,160.1
09/10/2014,14:10:00,160.05
09/10/2014,14:15:00,160.35
09/10/2014,14:20:00,160.2
09/10/2014,14:25:00,160.2
09/10/2014,14:30:00,160.15
09/10/2014,14:35:00,160.15
09/10/2014,14:40:00,160.3
09/10/2014,14:45:00,160.7
09/10/2014,14:50:00,160.9
09/10/2014,14:55:00,160.65
09/10/2014,15:00:00,160.35
09/10/2014,15:05:00,160.45
09/10/2014,15:10:00,160.65
09/10/2014,15:15:00,160.75
09/10/2014,15:20:00,160.5
09/10/2014,15:25:00,160.5
09/10/2014,15:30:00,160.55
10/10/2014,09:20:00,158.5
10/10/2014,09:25:00,157.9
10/10/2014,09:30:00,158.2
10/10/2014,09:35:00,157.75
10/10/2014,09:40:00,157.4
10/10/2014,09:45:00,157.6
10/10/2014,09:50:00,157.3
10/10/2014,09:55:00,157.45
10/10/2014,10:00:00,157.2
10/10/2014,10:05:00,156.6
10/10/2014,10:10:00,156.15
10/10/2014,10:15:00,156.2
10/10/2014,10:20:00,156.05
10/10/2014,10:25:00,156.0
10/10/2014,10:30:00,155.65
10/10/2014,10:35:00,155.6
10/10/2014,10:40:00,155.5
10/10/2014,10:45:00,155.55
10/10/2014,10:50:00,156.0
10/10/2014,10:55:00,156.35
10/10/2014,11:00:00,156.3
10/10/2014,11:05:00,156.1
10/10/2014,11:10:00,155.75
10/10/2014,11:15:00,155.95
10/10/2014,11:20:00,156.0
10/10/2014,11:25:00,155.7
10/10/2014,11:30:00,155.55
10/10/2014,11:35:00,156.05
10/10/2014,11:40:00,156.0
10/10/2014,11:45:00,155.6
10/10/2014,11:50:00,155.6
10/10/2014,11:55:00,155.95
10/10/2014,12:00:00,155.7
10/10/2014,12:05:00,155.7
10/10/2014,12:10:00,155.7
10/10/2014,12:15:00,155.85
10/10/2014,12:20:00,156.1
10/10/2014,12:25:00,156.0
10/10/2014,12:30:00,156.0
10/10/2014,12:35:00,155.65
10/10/2014,12:40:00,156.0
10/10/2014,12:45:00,156.1
10/10/2014,12:50:00,155.8
10/10/2014,12:55:00,155.55
10/10/2014,13:00:00,155.5
10/10/2014,13:05:00,155.5
10/10/2014,13:10:00,155.45
10/10/2014,13:15:00,156.1
10/10/2014,13:20:00,156.3
10/10/2014,13:25:00,156.4
10/10/2014,13:30:00,156.2
10/10/2014,13:35:00,156.1
10/10/2014,13:40:00,155.85
10/10/2014,13:45:00,155.2
10/10/2014,13:50:00,155.15
10/10/2014,13:55:00,154.9
10/10/2014,14:00:00,154.25
10/10/2014,14:05:00,153.75
10/10/2014,14:10:00,153.7
10/10/2014,14:15:00,153.4
10/10/2014,14:20:00,153.45
10/10/2014,14:25:00,153.8
10/10/2014,14:30:00,153.55
10/10/2014,14:35:00,153.6
10/10/2014,14:40:00,153.6
10/10/2014,14:45:00,153.5
10/10/2014,14:50:00,153.55
10/10/2014,14:55:00,153.05
10/10/2014,15:00:00,153.3
10/10/2014,15:05:00,152.8
10/10/2014,15:10:00,152.55
10/10/2014,15:15:00,152.0
10/10/2014,15:20:00,151.45
10/10/2014,15:25:00,151.5
10/10/2014,15:30:00,151.9
13/10/2014,09:20:00,150.8
13/10/2014,09:25:00,150.6
13/10/2014,09:30:00,151.1
13/10/2014,09:35:00,151.0
13/10/2014,09:40:00,151.0
13/10/2014,09:45:00,152.25
13/10/2014,09:50:00,151.65
13/10/2014,09:55:00,152.5
13/10/2014,10:00:00,153.0
13/10/2014,10:05:00,152.9
13/10/2014,10:10:00,153.2
13/10/2014,10:15:00,153.6
13/10/2014,10:20:00,153.25
13/10/2014,10:25:00,153.4
13/10/2014,10:30:00,153.4
13/10/2014,10:35:00,152.8
13/10/2014,10:40:00,153.1
13/10/2014,10:45:00,153.0
13/10/2014,10:50:00,153.0
13/10/2014,10:55:00,153.2
13/10/2014,11:00:00,153.35
13/10/2014,11:05:00,153.25
13/10/2014,11:10:00,153.0
13/10/2014,11:15:00,153.05
13/10/2014,11:20:00,152.4
13/10/2014,11:25:00,152.7
13/10/2014,11:30:00,152.7
13/10/2014,11:35:00,152.5
13/10/2014,11:40:00,152.4
13/10/2014,11:45:00,152.45
13/10/2014,11:50:00,152.9
13/10/2014,11:55:00,152.8
13/10/2014,12:00:00,152.25
13/10/2014,12:05:00,152.45
13/10/2014,12:10:00,152.7
13/10/2014,12:15:00,152.6
13/10/2014,12:20:00,152.7
13/10/2014,12:25:00,152.9
13/10/2014,12:30:00,152.7
13/10/2014,12:35:00,152.7
13/10/2014,12:40:00,152.9
13/10/2014,12:45:00,152.8
13/10/2014,12:50:00,153.15
13/10/2014,12:55:00,153.1
13/10/2014,13:00:00,153.1
13/10/2014,13:05:00,153.05
13/10/2014,13:10:00,153.05
13/10/2014,13:15:00,153.05
13/10/2014,13:20:00,153.2
13/10/2014,13:25:00,153.3
13/10/2014,13:30:00,153.3
13/10/2014,13:35:00,153.25
13/10/2014,13:40:00,153.3
13/10/2014,13:45:00,153.55
13/10/2014,13:50:00,153.8
13/10/2014,13:55:00,154.2
13/10/2014,14:00:00,154.3
13/10/2014,14:05:00,154.25
13/10/2014,14:10:00,154.4
13/10/2014,14:15:00,154.15
13/10/2014,14:20:00,154.0
13/10/2014,14:25:00,153.9
13/10/2014,14:30:00,154.2
13/10/2014,14:35:00,154.2
13/10/2014,14:40:00,155.15
13/10/2014,14:45:00,154.6
13/10/2014,14:50:00,154.55
13/10/2014,14:55:00,155.1
13/10/2014,15:00:00,154.85
13/10/2014,15:05:00,155.2
13/10/2014,15:10:00,155.85
13/10/2014,15:15:00,155.6
13/10/2014,15:20:00,155.8
13/10/2014,15:25:00,155.8
13/10/2014,15:30:00,155.65
14/10/2014,09:20:00,155.05
14/10/2014,09:25:00,154.2
14/10/2014,09:30:00,153.8
14/10/2014,09:35:00,153.75
14/10/2014,09:40:00,153.1
14/10/2014,09:45:00,153.2
14/10/2014,09:50:00,154.0
14/10/2014,09:55:00,153.55
14/10/2014,10:00:00,153.65
14/10/2014,10:05:00,153.15
14/10/2014,10:10:00,153.0
14/10/2014,10:15:00,153.1
14/10/2014,10:20:00,152.65
14/10/2014,10:25:00,152.5
14/10/2014,10:30:00,152.2
14/10/2014,10:35:00,151.9
14/10/2014,10:40:00,151.9
14/10/2014,10:45:00,151.2
14/10/2014,10:50:00,149.9
14/10/2014,10:55:00,150.8
14/10/2014,11:00:00,151.3
14/10/2014,11:05:00,151.35
14/10/2014,11:10:00,151.85
14/10/2014,11:15:00,151.8
14/10/2014,11:20:00,151.7
14/10/2014,11:25:00,151.05
14/10/2014,11:30:00,151.6
14/10/2014,11:35:00,151.85
14/10/2014,11:40:00,152.0
14/10/2014,11:45:00,151.9
14/10/2014,11:50:00,152.1
14/10/2014,11:55:00,152.05
14/10/2014,12:00:00,152.0
14/10/2014,12:05:00,152.05
14/10/2014,12:10:00,152.7
14/10/2014,12:15:00,152.7
14/10/2014,12:20:00,152.45
14/10/2014,12:25:00,152.0
14/10/2014,12:30:00,152.0
14/10/2014,12:35:00,152.25
14/10/2014,12:40:00,152.35
14/10/2014,12:45:00,153.0
14/10/2014,12:50:00,153.25
14/10/2014,12:55:00,154.0
14/10/2014,13:00:00,153.2
14/10/2014,13:05:00,153.05
14/10/2014,13:10:00,153.0
14/10/2014,13:15:00,153.25
14/10/2014,13:20:00,153.8
14/10/2014,13:25:00,154.0
14/10/2014,13:30:00,154.15
14/10/2014,13:35:00,154.55
14/10/2014,13:40:00,154.5
14/10/2014,13:45:00,154.2
14/10/2014,13:50:00,153.35
14/10/2014,13:55:00,152.9
14/10/2014,14:00:00,152.5
14/10/2014,14:05:00,153.2
14/10/2014,14:10:00,154.0
14/10/2014,14:15:00,154.55
14/10/2014,14:20:00,154.5
14/10/2014,14:25:00,154.9
14/10/2014,14:30:00,154.8
14/10/2014,14:35:00,154.5
14/10/2014,14:40:00,154.7
14/10/2014,14:45:00,154.95
14/10/2014,14:50:00,154.95
14/10/2014,14:55:00,155.0
14/10/2014,15:00:00,154.65
14/10/2014,15:05:00,154.1
14/10/2014,15:10:00,153.7
14/10/2014,15:15:00,153.7
14/10/2014,15:20:00,153.5
14/10/2014,15:25:00,153.6
14/10/2014,15:30:00,155.0
16/10/2014,09:20:00,154.15
16/10/2014,09:25:00,155.3
16/10/2014,09:30:00,156.45
16/10/2014,09:35:00,155.95
16/10/2014,09:40:00,155.8
16/10/2014,09:45:00,155.25
16/10/2014,09:50:00,155.7
16/10/2014,09:55:00,155.55
16/10/2014,10:00:00,155.3
16/10/2014,10:05:00,155.85
16/10/2014,10:10:00,156.55
16/10/2014,10:15:00,157.0
16/10/2014,10:20:00,156.8
16/10/2014,10:25:00,157.25
16/10/2014,10:30:00,157.1
16/10/2014,10:35:00,156.9
16/10/2014,10:40:00,157.05
16/10/2014,10:45:00,156.9
16/10/2014,10:50:00,156.9
16/10/2014,10:55:00,156.95
16/10/2014,11:00:00,157.0
16/10/2014,11:05:00,157.1
16/10/2014,11:10:00,157.05
16/10/2014,11:15:00,157.1
16/10/2014,11:20:00,157.05
16/10/2014,11:25:00,157.1
16/10/2014,11:30:00,157.75
16/10/2014,11:35:00,157.65
16/10/2014,11:40:00,157.65
16/10/2014,11:45:00,158.0
16/10/2014,11:50:00,158.1
16/10/2014,11:55:00,158.05
16/10/2014,12:00:00,157.9
16/10/2014,12:05:00,157.65
16/10/2014,12:10:00,158.65
16/10/2014,12:15:00,159.1
16/10/2014,12:20:00,159.1
16/10/2014,12:25:00,159.1
16/10/2014,12:30:00,159.1
16/10/2014,12:35:00,159.2
16/10/2014,12:40:00,159.35
16/10/2014,12:45:00,159.35
16/10/2014,12:50:00,159.1
16/10/2014,12:55:00,159.1
16/10/2014,13:00:00,159.1
16/10/2014,13:05:00,159.2
16/10/2014,13:10:00,159.1
16/10/2014,13:15:00,158.95
16/10/2014,13:20:00,158.2
16/10/2014,13:25:00,158.4
16/10/2014,13:30:00,158.45
16/10/2014,13:35:00,158.55
16/10/2014,13:40:00,158.85
16/10/2014,13:45:00,158.15
16/10/2014,13:50:00,158.55
16/10/2014,13:55:00,159.0
16/10/2014,14:00:00,158.5
16/10/2014,14:05:00,158.5
16/10/2014,14:10:00,158.7
16/10/2014,14:15:00,158.9
16/10/2014,14:20:00,158.9
16/10/2014,14:25:00,158.8
16/10/2014,14:30:00,158.9
16/10/2014,14:35:00,158.85
16/10/2014,14:40:00,158.95
16/10/2014,14:45:00,158.5
16/10/2014,14:50:00,158.15
16/10/2014,14:55:00,158.1
16/10/2014,15:00:00,158.0
16/10/2014,15:05:00,157.5
16/10/2014,15:10:00,157.8
16/10/2014,15:15:00,157.15
16/10/2014,15:20:00,157.7
16/10/2014,15:25:00,157.3
16/10/2014,15:30:00,158.0
17/10/2014,09:20:00,157.0
17/10/2014,09:25:00,156.15
17/10/2014,09:30:00,156.95
17/10/2014,09:35:00,156.75
17/10/2014,09:40:00,156.4
17/10/2014,09:45:00,156.2
17/10/2014,09:50:00,156.0
17/10/2014,09:55:00,156.0
17/10/2014,10:00:00,156.3
17/10/2014,10:05:00,156.35
17/10/2014,10:10:00,157.05
17/10/2014,10:15:00,157.05
17/10/2014,10:20:00,157.0
17/10/2014,10:25:00,157.35
17/10/2014,10:30:00,158.0
17/10/2014,10:35:00,158.0
17/10/2014,10:40:00,158.0
17/10/2014,10:45:00,158.4
17/10/2014,10:50:00,158.95
17/10/2014,10:55:00,159.0
17/10/2014,11:00:00,158.95
17/10/2014,11:05:00,159.0
17/10/2014,11:10:00,159.0
17/10/2014,11:15:00,158.45
17/10/2014,11:20:00,158.9
17/10/2014,11:25:00,158.9
17/10/2014,11:30:00,159.5
17/10/2014,11:35:00,159.5
17/10/2014,11:40:00,159.25
17/10/2014,11:45:00,159.5
17/10/2014,11:50:00,159.45
17/10/2014,11:55:00,159.45
17/10/2014,12:00:00,159.35
17/10/2014,12:05:00,160.0
17/10/2014,12:10:00,160.2
17/10/2014,12:15:00,160.0
17/10/2014,12:20:00,159.95
17/10/2014,12:25:00,159.9
17/10/2014,12:30:00,159.8
17/10/2014,12:35:00,160.0
17/10/2014,12:40:00,159.9
17/10/2014,12:45:00,159.9
17/10/2014,12:50:00,159.8
17/10/2014,12:55:00,159.6
17/10/2014,13:00:00,159.85
17/10/2014,13:05:00,160.1
17/10/2014,13:10:00,160.05
17/10/2014,13:15:00,160.0
17/10/2014,13:20:00,160.05
17/10/2014,13:25:00,159.95
17/10/2014,13:30:00,159.6
17/10/2014,13:35:00,159.25
17/10/2014,13:40:00,159.1
17/10/2014,13:45:00,159.15
17/10/2014,13:50:00,159.45
17/10/2014,13:55:00,159.5
17/10/2014,14:00:00,159.45
17/10/2014,14:05:00,159.55
17/10/2014,14:10:00,159.5
17/10/2014,14:15:00,159.55
17/10/2014,14:20:00,159.5
17/10/2014,14:25:00,159.85
17/10/2014,14:30:00,159.9
17/10/2014,14:35:00,159.85
17/10/2014,14:40:00,159.8
17/10/2014,14:45:00,160.0
17/10/2014,14:50:00,159.85
17/10/2014,14:55:00,159.9
17/10/2014,15:00:00,160.0
17/10/2014,15:05:00,159.5
17/10/2014,15:10:00,159.5
17/10/2014,15:15:00,159.7
17/10/2014,15:20:00,159.75
17/10/2014,15:25:00,159.7
17/10/2014,15:30:00,160.0
20/10/2014,09:20:00,160.3
20/10/2014,09:25:00,160.0
20/10/2014,09:30:00,159.55
20/10/2014,09:35:00,159.2
20/10/2014,09:40:00,159.3
20/10/2014,09:45:00,159.2
20/10/2014,09:50:00,159.3
20/10/2014,09:55:00,159.0
20/10/2014,10:00:00,159.1
20/10/2014,10:05:00,159.55
20/10/2014,10:10:00,159.65
20/10/2014,10:15:00,159.55
20/10/2014,10:20:00,159.5
20/10/2014,10:25:00,159.35
20/10/2014,10:30:00,159.3
20/10/2014,10:35:00,159.3
20/10/2014,10:40:00,159.4
20/10/2014,10:45:00,159.3
20/10/2014,10:50:00,159.5
20/10/2014,10:55:00,159.45
20/10/2014,11:00:00,159.4
20/10/2014,11:05:00,159.6
20/10/2014,11:10:00,159.7
20/10/2014,11:15:00,159.65
20/10/2014,11:20:00,159.9
20/10/2014,11:25:00,159.7
20/10/2014,11:30:00,159.65
20/10/2014,11:35:00,159.85
20/10/2014,11:40:00,159.65
20/10/2014,11:45:00,159.9
20/10/2014,11:50:00,159.75
20/10/2014,11:55:00,159.95
20/10/2014,12:00:00,159.8
20/10/2014,12:05:00,160.0
20/10/2014,12:10:00,159.8
20/10/2014,12:15:00,159.55
20/10/2014,12:20:00,159.7
20/10/2014,12:25:00,159.65
20/10/2014,12:30:00,159.7
20/10/2014,12:35:00,159.9
20/10/2014,12:40:00,159.75
20/10/2014,12:45:00,159.95
20/10/2014,12:50:00,160.0
20/10/2014,12:55:00,160.0
20/10/2014,13:00:00,160.0
20/10/2014,13:05:00,159.5
20/10/2014,13:10:00,159.5
20/10/2014,13:15:00,159.55
20/10/2014,13:20:00,159.55
20/10/2014,13:25:00,159.5
20/10/2014,13:30:00,159.55
20/10/2014,13:35:00,159.55
20/10/2014,13:40:00,159.65
20/10/2014,13:45:00,159.6
20/10/2014,13:50:00,159.6
20/10/2014,13:55:00,159.95
20/10/2014,14:00:00,160.0
20/10/2014,14:05:00,159.9
20/10/2014,14:10:00,159.9
20/10/2014,14:15:00,160.0
20/10/2014,14:20:00,159.95
20/10/2014,14:25:00,159.9
20/10/2014,14:30:00,159.65
20/10/2014,14:35:00,159.9
20/10/2014,14:40:00,159.75
20/10/2014,14:45:00,159.9
20/10/2014,14:50:00,159.95
20/10/2014,14:55:00,159.9
20/10/2014,15:00:00,159.9
20/10/2014,15:05:00,159.9
20/10/2014,15:10:00,159.5
20/10/2014,15:15:00,159.65
20/10/2014,15:20:00,159.75
20/10/2014,15:25:00,159.8
20/10/2014,15:30:00,159.0
21/10/2014,09:20:00,160.15
21/10/2014,09:25:00,161.05
21/10/2014,09:30:00,161.4
21/10/2014,09:35:00,161.4
21/10/2014,09:40:00,160.85
21/10/2014,09:45:00,160.65
21/10/2014,09:50:00,160.95
21/10/2014,09:55:00,160.9
21/10/2014,10:00:00,161.1
21/10/2014,10:05:00,161.15
21/10/2014,10:10:00,160.45
21/10/2014,10:15:00,160.9
21/10/2014,10:20:00,161.5
21/10/2014,10:25:00,161.5
21/10/2014,10:30:00,161.5
21/10/2014,10:35:00,162.05
21/10/2014,10:40:00,161.45
21/10/2014,10:45:00,161.85
21/10/2014,10:50:00,162.4
21/10/2014,10:55:00,162.0
21/10/2014,11:00:00,162.0
21/10/2014,11:05:00,162.2
21/10/2014,11:10:00,162.2
21/10/2014,11:15:00,162.5
21/10/2014,11:20:00,162.65
21/10/2014,11:25:00,162.5
21/10/2014,11:30:00,162.5
21/10/2014,11:35:00,162.5
21/10/2014,11:40:00,162.5
21/10/2014,11:45:00,162.5
21/10/2014,11:50:00,162.6
21/10/2014,11:55:00,162.85
21/10/2014,12:00:00,162.8
21/10/2014,12:05:00,162.8
21/10/2014,12:10:00,162.8
21/10/2014,12:15:00,162.8
21/10/2014,12:20:00,162.85
21/10/2014,12:25:00,162.8
21/10/2014,12:30:00,162.8
21/10/2014,12:35:00,162.85
21/10/2014,12:40:00,162.8
21/10/2014,12:45:00,162.85
21/10/2014,12:50:00,162.9
21/10/2014,12:55:00,163.65
21/10/2014,13:00:00,163.25
21/10/2014,13:05:00,163.1
21/10/2014,13:10:00,163.35
21/10/2014,13:15:00,163.2
21/10/2014,13:20:00,163.55
21/10/2014,13:25:00,163.6
21/10/2014,13:30:00,163.55
21/10/2014,13:35:00,163.5
21/10/2014,13:40:00,163.55
21/10/2014,13:45:00,163.55
21/10/2014,13:50:00,163.65
21/10/2014,13:55:00,163.25
21/10/2014,14:00:00,163.3
21/10/2014,14:05:00,163.3
21/10/2014,14:10:00,163.3
21/10/2014,14:15:00,163.3
21/10/2014,14:20:00,163.4
21/10/2014,14:25:00,163.3
21/10/2014,14:30:00,163.3
21/10/2014,14:35:00,163.3
21/10/2014,14:40:00,163.25
21/10/2014,14:45:00,163.3
21/10/2014,14:50:00,163.3
21/10/2014,14:55:00,163.3
21/10/2014,15:00:00,163.2
21/10/2014,15:05:00,162.95
21/10/2014,15:10:00,162.9
21/10/2014,15:15:00,163.0
21/10/2014,15:20:00,162.95
21/10/2014,15:25:00,162.75
21/10/2014,15:30:00,162.75
22/10/2014,09:20:00,164.0
22/10/2014,09:25:00,163.6
22/10/2014,09:30:00,163.9
22/10/2014,09:35:00,163.6
22/10/2014,09:40:00,163.7
22/10/2014,09:45:00,162.75
22/10/2014,09:50:00,162.35
22/10/2014,09:55:00,162.2
22/10/2014,10:00:00,162.65
22/10/2014,10:05:00,162.25
22/10/2014,10:10:00,162.3
22/10/2014,10:15:00,162.0
22/10/2014,10:20:00,162.0
22/10/2014,10:25:00,161.5
22/10/2014,10:30:00,161.9
22/10/2014,10:35:00,161.85
22/10/2014,10:40:00,161.6
22/10/2014,10:45:00,161.5
22/10/2014,10:50:00,161.65
22/10/2014,10:55:00,161.5
22/10/2014,11:00:00,161.35
22/10/2014,11:05:00,161.15
22/10/2014,11:10:00,161.55
22/10/2014,11:15:00,161.3
22/10/2014,11:20:00,161.1
22/10/2014,11:25:00,161.25
22/10/2014,11:30:00,161.4
22/10/2014,11:35:00,161.35
22/10/2014,11:40:00,161.35
22/10/2014,11:45:00,161.35
22/10/2014,11:50:00,161.35
22/10/2014,11:55:00,161.3
22/10/2014,12:00:00,161.3
22/10/2014,12:05:00,161.45
22/10/2014,12:10:00,161.45
22/10/2014,12:15:00,161.35
22/10/2014,12:20:00,161.45
22/10/2014,12:25:00,161.45
22/10/2014,12:30:00,161.3
22/10/2014,12:35:00,161.1
22/10/2014,12:40:00,161.25
22/10/2014,12:45:00,161.3
22/10/2014,12:50:00,161.5
22/10/2014,12:55:00,161.6
22/10/2014,13:00:00,161.5
22/10/2014,13:05:00,161.5
22/10/2014,13:10:00,161.55
22/10/2014,13:15:00,161.5
22/10/2014,13:20:00,161.6
22/10/2014,13:25:00,161.5
22/10/2014,13:30:00,161.5
22/10/2014,13:35:00,161.5
22/10/2014,13:40:00,161.7
22/10/2014,13:45:00,161.45
22/10/2014,13:50:00,161.5
22/10/2014,13:55:00,161.35
22/10/2014,14:00:00,161.2
22/10/2014,14:05:00,161.2
22/10/2014,14:10:00,161.2
22/10/2014,14:15:00,161.1
22/10/2014,14:20:00,161.15
22/10/2014,14:25:00,160.65
22/10/2014,14:30:00,160.75
22/10/2014,14:35:00,160.75
22/10/2014,14:40:00,160.65
22/10/2014,14:45:00,161.2
22/10/2014,14:50:00,161.1
22/10/2014,14:55:00,161.1
22/10/2014,15:00:00,161.45
22/10/2014,15:05:00,161.2
22/10/2014,15:10:00,161.0
22/10/2014,15:15:00,160.85
22/10/2014,15:20:00,160.85
22/10/2014,15:25:00,161.0
22/10/2014,15:30:00,161.0
23/10/2014,09:20:00,nan
23/10/2014,09:25:00,nan
23/10/2014,09:30:00,nan
23/10/2014,09:35:00,nan
23/10/2014,09:40:00,nan
23/10/2014,09:45:00,nan
23/10/2014,09:50:00,nan
23/10/2014,09:55:00,nan
23/10/2014,10:00:00,nan
23/10/2014,10:05:00,nan
23/10/2014,10:10:00,nan
23/10/2014,10:15:00,nan
23/10/2014,10:20:00,nan
27/10/2014,09:20:00,161.95
27/10/2014,09:25:00,161.6
27/10/2014,09:30:00,161.35
27/10/2014,09:35:00,161.8
27/10/2014,09:40:00,161.3
27/10/2014,09:45:00,161.35
27/10/2014,09:50:00,161.05
27/10/2014,09:55:00,161.45
27/10/2014,10:00:00,161.95
27/10/2014,10:05:00,162.3
27/10/2014,10:10:00,162.4
27/10/2014,10:15:00,162.3
27/10/2014,10:20:00,162.05
27/10/2014,10:25:00,162.0
27/10/2014,10:30:00,161.9
27/10/2014,10:35:00,161.75
27/10/2014,10:40:00,161.6
27/10/2014,10:45:00,161.8
27/10/2014,10:50:00,161.2
27/10/2014,10:55:00,161.9
27/10/2014,11:00:00,161.95
27/10/2014,11:05:00,162.25
27/10/2014,11:10:00,163.0
27/10/2014,11:15:00,162.9
27/10/2014,11:20:00,162.8
27/10/2014,11:25:00,162.7
27/10/2014,11:30:00,162.85
27/10/2014,11:35:00,162.75
27/10/2014,11:40:00,162.75
27/10/2014,11:45:00,162.8
27/10/2014,11:50:00,163.0
27/10/2014,11:55:00,162.9
27/10/2014,12:00:00,162.75
27/10/2014,12:05:00,163.0
27/10/2014,12:10:00,162.9
27/10/2014,12:15:00,162.8
27/10/2014,12:20:00,162.65
27/10/2014,12:25:00,163.0
27/10/2014,12:30:00,162.9
27/10/2014,12:35:00,162.9
27/10/2014,12:40:00,162.85
27/10/2014,12:45:00,162.85
27/10/2014,12:50:00,162.8
27/10/2014,12:55:00,162.85
27/10/2014,13:00:00,162.85
27/10/2014,13:05:00,162.8
27/10/2014,13:10:00,163.0
27/10/2014,13:15:00,163.2
27/10/2014,13:20:00,163.2
27/10/2014,13:25:00,162.95
27/10/2014,13:30:00,163.0
27/10/2014,13:35:00,163.05
27/10/2014,13:40:00,163.1
27/10/2014,13:45:00,163.2
27/10/2014,13:50:00,163.0
27/10/2014,13:55:00,162.95
27/10/2014,14:00:00,163.0
27/10/2014,14:05:00,163.1
27/10/2014,14:10:00,163.1
27/10/2014,14:15:00,163.15
27/10/2014,14:20:00,163.05
27/10/2014,14:25:00,163.15
27/10/2014,14:30:00,163.05
27/10/2014,14:35:00,163.3
27/10/2014,14:40:00,163.0
27/10/2014,14:45:00,163.15
27/10/2014,14:50:00,163.5
27/10/2014,14:55:00,163.45
27/10/2014,15:00:00,163.4
27/10/2014,15:05:00,163.45
27/10/2014,15:10:00,163.5
27/10/2014,15:15:00,163.45
27/10/2014,15:20:00,163.6
27/10/2014,15:25:00,163.8
27/10/2014,15:30:00,163.9
28/10/2014,09:20:00,164.3
28/10/2014,09:25:00,164.5
28/10/2014,09:30:00,164.5
28/10/2014,09:35:00,164.9
28/10/2014,09:40:00,164.7
28/10/2014,09:45:00,164.65
28/10/2014,09:50:00,164.7
28/10/2014,09:55:00,164.65
28/10/2014,10:00:00,164.6
28/10/2014,10:05:00,164.6
28/10/2014,10:10:00,164.3
28/10/2014,10:15:00,164.3
28/10/2014,10:20:00,164.15
28/10/2014,10:25:00,163.75
28/10/2014,10:30:00,163.6
28/10/2014,10:35:00,163.45
28/10/2014,10:40:00,163.45
28/10/2014,10:45:00,163.55
28/10/2014,10:50:00,163.35
28/10/2014,10:55:00,163.25
28/10/2014,11:00:00,163.25
28/10/2014,11:05:00,163.3
28/10/2014,11:10:00,163.3
28/10/2014,11:15:00,162.9
28/10/2014,11:20:00,162.7
28/10/2014,11:25:00,162.65
28/10/2014,11:30:00,162.65
28/10/2014,11:35:00,162.95
28/10/2014,11:40:00,163.0
28/10/2014,11:45:00,164.7
28/10/2014,11:50:00,165.85
28/10/2014,11:55:00,166.2
28/10/2014,12:00:00,165.55
28/10/2014,12:05:00,165.3
28/10/2014,12:10:00,165.25
28/10/2014,12:15:00,165.45
28/10/2014,12:20:00,165.9
28/10/2014,12:25:00,165.65
28/10/2014,12:30:00,165.5
28/10/2014,12:35:00,165.35
28/10/2014,12:40:00,165.4
28/10/2014,12:45:00,165.0
28/10/2014,12:50:00,164.7
28/10/2014,12:55:00,164.75
28/10/2014,13:00:00,164.8
28/10/2014,13:05:00,164.75
28/10/2014,13:10:00,164.75
28/10/2014,13:15:00,164.75
28/10/2014,13:20:00,164.75
28/10/2014,13:25:00,164.65
28/10/2014,13:30:00,164.75
28/10/2014,13:35:00,164.65
28/10/2014,13:40:00,164.7
28/10/2014,13:45:00,164.65
28/10/2014,13:50:00,164.8
28/10/2014,13:55:00,165.15
28/10/2014,14:00:00,164.8
28/10/2014,14:05:00,165.0
28/10/2014,14:10:00,165.3
28/10/2014,14:15:00,164.85
28/10/2014,14:20:00,164.75
28/10/2014,14:25:00,164.75
28/10/2014,14:30:00,164.9
28/10/2014,14:35:00,165.0
28/10/2014,14:40:00,165.3
28/10/2014,14:45:00,165.1
28/10/2014,14:50:00,165.0
28/10/2014,14:55:00,165.1
28/10/2014,15:00:00,165.15
28/10/2014,15:05:00,164.9
28/10/2014,15:10:00,165.25
28/10/2014,15:15:00,165.35
28/10/2014,15:20:00,165.1
28/10/2014,15:25:00,165.05
28/10/2014,15:30:00,164.85
29/10/2014,09:20:00,165.8
29/10/2014,09:25:00,166.3
29/10/2014,09:30:00,165.7
29/10/2014,09:35:00,165.85
29/10/2014,09:40:00,165.75
29/10/2014,09:45:00,165.95
29/10/2014,09:50:00,166.1
29/10/2014,09:55:00,166.05
29/10/2014,10:00:00,166.1
29/10/2014,10:05:00,165.9
29/10/2014,10:10:00,165.8
29/10/2014,10:15:00,165.5
29/10/2014,10:20:00,165.4
29/10/2014,10:25:00,165.55
29/10/2014,10:30:00,165.65
29/10/2014,10:35:00,165.5
29/10/2014,10:40:00,165.65
29/10/2014,10:45:00,165.5
29/10/2014,10:50:00,165.4
29/10/2014,10:55:00,165.35
29/10/2014,11:00:00,165.7
29/10/2014,11:05:00,165.7
29/10/2014,11:10:00,165.7
29/10/2014,11:15:00,165.75
29/10/2014,11:20:00,165.55
29/10/2014,11:25:00,164.55
29/10/2014,11:30:00,164.65
29/10/2014,11:35:00,164.85
29/10/2014,11:40:00,164.7
29/10/2014,11:45:00,164.85
29/10/2014,11:50:00,164.75
29/10/2014,11:55:00,164.7
29/10/2014,12:00:00,164.7
29/10/2014,12:05:00,164.65
29/10/2014,12:10:00,164.8
29/10/2014,12:15:00,164.55
29/10/2014,12:20:00,164.6
29/10/2014,12:25:00,164.55
29/10/2014,12:30:00,164.15
29/10/2014,12:35:00,164.0
29/10/2014,12:40:00,163.9
29/10/2014,12:45:00,164.05
29/10/2014,12:50:00,164.0
29/10/2014,12:55:00,163.95
29/10/2014,13:00:00,163.95
29/10/2014,13:05:00,164.05
29/10/2014,13:10:00,164.0
29/10/2014,13:15:00,164.15
29/10/2014,13:20:00,164.65
29/10/2014,13:25:00,164.5
29/10/2014,13:30:00,164.35
29/10/2014,13:35:00,164.3
29/10/2014,13:40:00,164.3
29/10/2014,13:45:00,164.2
29/10/2014,13:50:00,164.15
29/10/2014,13:55:00,164.05
29/10/2014,14:00:00,164.05
29/10/2014,14:05:00,164.15
29/10/2014,14:10:00,164.2
29/10/2014,14:15:00,164.2
29/10/2014,14:20:00,164.1
29/10/2014,14:25:00,164.25
29/10/2014,14:30:00,164.5
29/10/2014,14:35:00,164.5
29/10/2014,14:40:00,164.25
29/10/2014,14:45:00,164.35
29/10/2014,14:50:00,164.45
29/10/2014,14:55:00,164.65
29/10/2014,15:00:00,164.8
29/10/2014,15:05:00,164.8
29/10/2014,15:10:00,165.5
29/10/2014,15:15:00,165.7
29/10/2014,15:20:00,165.45
29/10/2014,15:25:00,165.5
29/10/2014,15:30:00,165.6
30/10/2014,09:20:00,166.2
30/10/2014,09:25:00,166.35
30/10/2014,09:30:00,166.5
30/10/2014,09:35:00,166.65
30/10/2014,09:40:00,166.7
30/10/2014,09:45:00,166.4
30/10/2014,09:50:00,166.8
30/10/2014,09:55:00,166.75
30/10/2014,10:00:00,166.6
30/10/2014,10:05:00,167.0
30/10/2014,10:10:00,166.95
30/10/2014,10:15:00,166.9
30/10/2014,10:20:00,166.95
30/10/2014,10:25:00,166.3
30/10/2014,10:30:00,166.05
30/10/2014,10:35:00,166.3
30/10/2014,10:40:00,166.45
30/10/2014,10:45:00,166.7
30/10/2014,10:50:00,167.3
30/10/2014,10:55:00,167.2
30/10/2014,11:00:00,168.1
30/10/2014,11:05:00,168.35
30/10/2014,11:10:00,167.9
30/10/2014,11:15:00,167.55
30/10/2014,11:20:00,167.65
30/10/2014,11:25:00,168.05
30/10/2014,11:30:00,168.3
30/10/2014,11:35:00,168.75
30/10/2014,11:40:00,168.4
30/10/2014,11:45:00,168.25
30/10/2014,11:50:00,167.95
30/10/2014,11:55:00,167.95
30/10/2014,12:00:00,168.05
30/10/2014,12:05:00,168.3
30/10/2014,12:10:00,168.3
30/10/2014,12:15:00,168.1
30/10/2014,12:20:00,168.05
30/10/2014,12:25:00,168.05
30/10/2014,12:30:00,168.2
30/10/2014,12:35:00,168.25
30/10/2014,12:40:00,168.15
30/10/2014,12:45:00,168.1
30/10/2014,12:50:00,168.1
30/10/2014,12:55:00,168.1
30/10/2014,13:00:00,168.0
30/10/2014,13:05:00,167.95
30/10/2014,13:10:00,168.15
30/10/2014,13:15:00,168.05
30/10/2014,13:20:00,168.2
30/10/2014,13:25:00,168.1
30/10/2014,13:30:00,168.05
30/10/2014,13:35:00,168.2
30/10/2014,13:40:00,168.0
30/10/2014,13:45:00,168.0
30/10/2014,13:50:00,168.05
30/10/2014,13:55:00,168.05
30/10/2014,14:00:00,168.05
30/10/2014,14:05:00,168.0
30/10/2014,14:10:00,167.8
30/10/2014,14:15:00,167.1
30/10/2014,14:20:00,167.05
30/10/2014,14:25:00,167.5
30/10/2014,14:30:00,168.3
30/10/2014,14:35:00,168.1
30/10/2014,14:40:00,168.4
30/10/2014,14:45:00,169.0
30/10/2014,14:50:00,168.5
30/10/2014,14:55:00,168.1
30/10/2014,15:00:00,168.7
30/10/2014,15:05:00,168.1
30/10/2014,15:10:00,168.5
30/10/2014,15:15:00,168.65
30/10/2014,15:20:00,168.15
30/10/2014,15:25:00,168.1
30/10/2014,15:30:00,168.0
31/10/2014,09:20:00,170.0
31/10/2014,09:25:00,170.15
31/10/2014,09:30:00,169.85
31/10/2014,09:35:00,169.9
31/10/2014,09:40:00,169.75
31/10/2014,09:45:00,170.0
31/10/2014,09:50:00,170.4
31/10/2014,09:55:00,170.7
31/10/2014,10:00:00,170.7
31/10/2014,10:05:00,170.85
31/10/2014,10:10:00,171.2
31/10/2014,10:15:00,171.0
31/10/2014,10:20:00,170.7
31/10/2014,10:25:00,170.5
31/10/2014,10:30:00,170.5
31/10/2014,10:35:00,170.65
31/10/2014,10:40:00,170.5
31/10/2014,10:45:00,171.05
31/10/2014,10:50:00,170.75
31/10/2014,10:55:00,170.5
31/10/2014,11:00:00,170.7
31/10/2014,11:05:00,170.75
31/10/2014,11:10:00,171.6
31/10/2014,11:15:00,171.5
31/10/2014,11:20:00,171.7
31/10/2014,11:25:00,171.8
31/10/2014,11:30:00,171.95
31/10/2014,11:35:00,171.8
31/10/2014,11:40:00,171.65
31/10/2014,11:45:00,171.5
31/10/2014,11:50:00,171.7
31/10/2014,11:55:00,171.8
31/10/2014,12:00:00,171.7
31/10/2014,12:05:00,172.4
31/10/2014,12:10:00,172.9
31/10/2014,12:15:00,172.55
31/10/2014,12:20:00,173.35
31/10/2014,12:25:00,172.4
31/10/2014,12:30:00,172.45
31/10/2014,12:35:00,172.8
31/10/2014,12:40:00,172.65
31/10/2014,12:45:00,172.6
31/10/2014,12:50:00,172.75
31/10/2014,12:55:00,172.4
31/10/2014,13:00:00,172.55
31/10/2014,13:05:00,172.45
31/10/2014,13:10:00,172.6
31/10/2014,13:15:00,172.35
31/10/2014,13:20:00,172.2
31/10/2014,13:25:00,172.3
31/10/2014,13:30:00,172.45
31/10/2014,13:35:00,171.9
31/10/2014,13:40:00,171.7
31/10/2014,13:45:00,171.7
31/10/2014,13:50:00,171.5
31/10/2014,13:55:00,170.15
31/10/2014,14:00:00,171.05
31/10/2014,14:05:00,171.05
31/10/2014,14:10:00,171.2
31/10/2014,14:15:00,171.2
31/10/2014,14:20:00,170.85
31/10/2014,14:25:00,170.85
31/10/2014,14:30:00,171.0
31/10/2014,14:35:00,171.2
31/10/2014,14:40:00,171.1
31/10/2014,14:45:00,171.0
31/10/2014,14:50:00,170.75
31/10/2014,14:55:00,170.75
31/10/2014,15:00:00,170.95
31/10/2014,15:05:00,170.7
31/10/2014,15:10:00,170.95
31/10/2014,15:15:00,170.95
31/10/2014,15:20:00,170.95
31/10/2014,15:25:00,170.95
31/10/2014,15:30:00,171.0
03/11/2014,09:20:00,172.6
03/11/2014,09:25:00,172.0
03/11/2014,09:30:00,171.2
03/11/2014,09:35:00,169.9
03/11/2014,09:40:00,170.2
03/11/2014,09:45:00,170.5
03/11/2014,09:50:00,169.9
03/11/2014,09:55:00,169.05
03/11/2014,10:00:00,169.3
03/11/2014,10:05:00,168.85
03/11/2014,10:10:00,168.35
03/11/2014,10:15:00,168.4
03/11/2014,10:20:00,168.7
03/11/2014,10:25:00,169.4
03/11/2014,10:30:00,168.8
03/11/2014,10:35:00,168.85
03/11/2014,10:40:00,168.55
03/11/2014,10:45:00,168.45
03/11/2014,10:50:00,168.9
03/11/2014,10:55:00,169.0
03/11/2014,11:00:00,169.1
03/11/2014,11:05:00,169.15
03/11/2014,11:10:00,169.1
03/11/2014,11:15:00,169.0
03/11/2014,11:20:00,168.75
03/11/2014,11:25:00,168.7
03/11/2014,11:30:00,168.65
03/11/2014,11:35:00,169.2
03/11/2014,11:40:00,168.85
03/11/2014,11:45:00,168.6
03/11/2014,11:50:00,168.75
03/11/2014,11:55:00,168.8
03/11/2014,12:00:00,168.65
03/11/2014,12:05:00,168.6
03/11/2014,12:10:00,168.65
03/11/2014,12:15:00,168.7
03/11/2014,12:20:00,168.7
03/11/2014,12:25:00,168.35
03/11/2014,12:30:00,168.2
03/11/2014,12:35:00,168.1
03/11/2014,12:40:00,167.85
03/11/2014,12:45:00,168.0
03/11/2014,12:50:00,167.9
03/11/2014,12:55:00,167.85
03/11/2014,13:00:00,167.75
03/11/2014,13:05:00,167.7
03/11/2014,13:10:00,167.8
03/11/2014,13:15:00,167.35
03/11/2014,13:20:00,167.3
03/11/2014,13:25:00,167.05
03/11/2014,13:30:00,166.95
03/11/2014,13:35:00,166.7
03/11/2014,13:40:00,166.7
03/11/2014,13:45:00,167.0
03/11/2014,13:50:00,167.1
03/11/2014,13:55:00,166.7
03/11/2014,14:00:00,167.0
03/11/2014,14:05:00,166.95
03/11/2014,14:10:00,167.0
03/11/2014,14:15:00,167.0
03/11/2014,14:20:00,166.8
03/11/2014,14:25:00,167.0
03/11/2014,14:30:00,167.0
03/11/2014,14:35:00,166.85
03/11/2014,14:40:00,166.95
03/11/2014,14:45:00,167.0
03/11/2014,14:50:00,166.9
03/11/2014,14:55:00,166.2
03/11/2014,15:00:00,165.8
03/11/2014,15:05:00,165.85
03/11/2014,15:10:00,165.85
03/11/2014,15:15:00,165.7
03/11/2014,15:20:00,165.8
03/11/2014,15:25:00,166.05
03/11/2014,15:30:00,166.1
05/11/2014,09:20:00,166.75
05/11/2014,09:25:00,165.75
05/11/2014,09:30:00,165.8
05/11/2014,09:35:00,165.4
05/11/2014,09:40:00,165.2
05/11/2014,09:45:00,165.3
05/11/2014,09:50:00,165.7
05/11/2014,09:55:00,164.85
05/11/2014,10:00:00,164.55
05/11/2014,10:05:00,164.75
05/11/2014,10:10:00,163.7
05/11/2014,10:15:00,163.0
05/11/2014,10:20:00,162.8
05/11/2014,10:25:00,162.75
05/11/2014,10:30:00,162.75
05/11/2014,10:35:00,162.7
05/11/2014,10:40:00,162.5
05/11/2014,10:45:00,162.3
05/11/2014,10:50:00,162.0
05/11/2014,10:55:00,161.45
05/11/2014,11:00:00,161.0
05/11/2014,11:05:00,161.0
05/11/2014,11:10:00,161.3
05/11/2014,11:15:00,161.5
05/11/2014,11:20:00,161.35
05/11/2014,11:25:00,161.5
05/11/2014,11:30:00,161.2
05/11/2014,11:35:00,161.0
05/11/2014,11:40:00,160.95
05/11/2014,11:45:00,160.85
05/11/2014,11:50:00,160.8
05/11/2014,11:55:00,160.35
05/11/2014,12:00:00,160.35
05/11/2014,12:05:00,160.0
05/11/2014,12:10:00,159.5
05/11/2014,12:15:00,159.65
05/11/2014,12:20:00,159.45
05/11/2014,12:25:00,158.9
05/11/2014,12:30:00,159.15
05/11/2014,12:35:00,159.35
05/11/2014,12:40:00,159.45
05/11/2014,12:45:00,159.25
05/11/2014,12:50:00,158.95
05/11/2014,12:55:00,159.35
05/11/2014,13:00:00,159.4
05/11/2014,13:05:00,159.25
05/11/2014,13:10:00,159.3
05/11/2014,13:15:00,158.85
05/11/2014,13:20:00,158.9
05/11/2014,13:25:00,158.8
05/11/2014,13:30:00,158.75
05/11/2014,13:35:00,159.2
05/11/2014,13:40:00,159.35
05/11/2014,13:45:00,159.05
05/11/2014,13:50:00,159.25
05/11/2014,13:55:00,159.05
05/11/2014,14:00:00,159.0
05/11/2014,14:05:00,159.1
05/11/2014,14:10:00,159.4
05/11/2014,14:15:00,159.55
05/11/2014,14:20:00,159.1
05/11/2014,14:25:00,159.55
05/11/2014,14:30:00,159.5
05/11/2014,14:35:00,159.5
05/11/2014,14:40:00,159.45
05/11/2014,14:45:00,159.55
05/11/2014,14:50:00,159.55
05/11/2014,14:55:00,159.55
05/11/2014,15:00:00,159.55
05/11/2014,15:05:00,159.5
05/11/2014,15:10:00,159.45
05/11/2014,15:15:00,159.5
05/11/2014,15:20:00,159.35
05/11/2014,15:25:00,159.25
05/11/2014,15:30:00,159.55
07/11/2014,09:20:00,157.25
07/11/2014,09:25:00,157.6
07/11/2014,09:30:00,157.5
07/11/2014,09:35:00,158.75
07/11/2014,09:40:00,158.9
07/11/2014,09:45:00,158.1
07/11/2014,09:50:00,158.1
07/11/2014,09:55:00,157.6
07/11/2014,10:00:00,157.65
07/11/2014,10:05:00,157.45
07/11/2014,10:10:00,157.25
07/11/2014,10:15:00,157.0
07/11/2014,10:20:00,157.3
07/11/2014,10:25:00,156.2
07/11/2014,10:30:00,155.85
07/11/2014,10:35:00,156.0
07/11/2014,10:40:00,156.0
07/11/2014,10:45:00,156.0
07/11/2014,10:50:00,155.85
07/11/2014,10:55:00,156.0
07/11/2014,11:00:00,155.95
07/11/2014,11:05:00,156.0
07/11/2014,11:10:00,155.7
07/11/2014,11:15:00,155.45
07/11/2014,11:20:00,155.5
07/11/2014,11:25:00,155.5
07/11/2014,11:30:00,156.2
07/11/2014,11:35:00,156.5
07/11/2014,11:40:00,156.9
07/11/2014,11:45:00,156.65
07/11/2014,11:50:00,156.25
07/11/2014,11:55:00,155.95
07/11/2014,12:00:00,156.0
07/11/2014,12:05:00,156.0
07/11/2014,12:10:00,156.0
07/11/2014,12:15:00,156.3
07/11/2014,12:20:00,156.45
07/11/2014,12:25:00,156.5
07/11/2014,12:30:00,156.6
07/11/2014,12:35:00,156.55
07/11/2014,12:40:00,156.5
07/11/2014,12:45:00,156.5
07/11/2014,12:50:00,156.55
07/11/2014,12:55:00,156.5
07/11/2014,13:00:00,156.5
07/11/2014,13:05:00,156.5
07/11/2014,13:10:00,156.5
07/11/2014,13:15:00,156.95
07/11/2014,13:20:00,156.8
07/11/2014,13:25:00,156.85
07/11/2014,13:30:00,156.65
07/11/2014,13:35:00,156.6
07/11/2014,13:40:00,156.7
07/11/2014,13:45:00,156.5
07/11/2014,13:50:00,156.5
07/11/2014,13:55:00,156.5
07/11/2014,14:00:00,156.8
07/11/2014,14:05:00,156.65
07/11/2014,14:10:00,156.65
07/11/2014,14:15:00,156.7
07/11/2014,14:20:00,156.4
07/11/2014,14:25:00,156.6
07/11/2014,14:30:00,156.45
07/11/2014,14:35:00,156.4
07/11/2014,14:40:00,156.45
07/11/2014,14:45:00,156.6
07/11/2014,14:50:00,156.45
07/11/2014,14:55:00,156.5
07/11/2014,15:00:00,156.85
07/11/2014,15:05:00,157.25
07/11/2014,15:10:00,157.5
07/11/2014,15:15:00,157.65
07/11/2014,15:20:00,157.9
07/11/2014,15:25:00,158.1
07/11/2014,15:30:00,158.4
10/11/2014,09:20:00,158.95
10/11/2014,09:25:00,159.35
10/11/2014,09:30:00,160.3
10/11/2014,09:35:00,159.0
10/11/2014,09:40:00,159.0
10/11/2014,09:45:00,158.85
10/11/2014,09:50:00,158.5
10/11/2014,09:55:00,157.9
10/11/2014,10:00:00,157.7
10/11/2014,10:05:00,156.75
10/11/2014,10:10:00,156.65
10/11/2014,10:15:00,156.9
10/11/2014,10:20:00,157.4
10/11/2014,10:25:00,157.5
10/11/2014,10:30:00,157.4
10/11/2014,10:35:00,156.3
10/11/2014,10:40:00,156.0
10/11/2014,10:45:00,156.0
10/11/2014,10:50:00,156.35
10/11/2014,10:55:00,156.95
10/11/2014,11:00:00,156.65
10/11/2014,11:05:00,157.0
10/11/2014,11:10:00,156.9
10/11/2014,11:15:00,157.0
10/11/2014,11:20:00,157.85
10/11/2014,11:25:00,158.0
10/11/2014,11:30:00,157.8
10/11/2014,11:35:00,157.75
10/11/2014,11:40:00,157.9
10/11/2014,11:45:00,157.75
10/11/2014,11:50:00,157.8
10/11/2014,11:55:00,157.75
10/11/2014,12:00:00,158.0
10/11/2014,12:05:00,157.85
10/11/2014,12:10:00,158.0
10/11/2014,12:15:00,158.0
10/11/2014,12:20:00,158.0
10/11/2014,12:25:00,158.0
10/11/2014,12:30:00,158.05
10/11/2014,12:35:00,158.0
10/11/2014,12:40:00,158.05
10/11/2014,12:45:00,158.05
10/11/2014,12:50:00,158.0
10/11/2014,12:55:00,158.0
10/11/2014,13:00:00,158.1
10/11/2014,13:05:00,158.05
10/11/2014,13:10:00,158.05
10/11/2014,13:15:00,158.15
10/11/2014,13:20:00,158.0
10/11/2014,13:25:00,158.25
10/11/2014,13:30:00,158.3
10/11/2014,13:35:00,158.3
10/11/2014,13:40:00,158.45
10/11/2014,13:45:00,158.4
10/11/2014,13:50:00,158.85
10/11/2014,13:55:00,159.05
10/11/2014,14:00:00,159.3
10/11/2014,14:05:00,159.0
10/11/2014,14:10:00,158.5
10/11/2014,14:15:00,159.25
10/11/2014,14:20:00,159.05
10/11/2014,14:25:00,159.1
10/11/2014,14:30:00,159.05
10/11/2014,14:35:00,159.1
10/11/2014,14:40:00,159.55
10/11/2014,14:45:00,159.55
10/11/2014,14:50:00,159.55
10/11/2014,14:55:00,159.5
10/11/2014,15:00:00,159.0
10/11/2014,15:05:00,159.25
10/11/2014,15:10:00,159.55
10/11/2014,15:15:00,159.35
10/11/2014,15:20:00,159.2
10/11/2014,15:25:00,159.45
10/11/2014,15:30:00,158.95
11/11/2014,09:20:00,158.8
11/11/2014,09:25:00,158.6
11/11/2014,09:30:00,158.95
11/11/2014,09:35:00,159.15
11/11/2014,09:40:00,159.1
11/11/2014,09:45:00,158.6
11/11/2014,09:50:00,157.8
11/11/2014,09:55:00,157.55
11/11/2014,10:00:00,157.65
11/11/2014,10:05:00,157.95
11/11/2014,10:10:00,158.1
11/11/2014,10:15:00,157.9
11/11/2014,10:20:00,157.0
11/11/2014,10:25:00,156.65
11/11/2014,10:30:00,156.1
11/11/2014,10:35:00,156.0
11/11/2014,10:40:00,156.1
11/11/2014,10:45:00,156.15
11/11/2014,10:50:00,156.15
11/11/2014,10:55:00,156.2
11/11/2014,11:00:00,156.35
11/11/2014,11:05:00,156.35
11/11/2014,11:10:00,156.6
11/11/2014,11:15:00,156.7
11/11/2014,11:20:00,156.95
11/11/2014,11:25:00,156.85
11/11/2014,11:30:00,157.0
11/11/2014,11:35:00,156.45
11/11/2014,11:40:00,156.5
11/11/2014,11:45:00,156.25
11/11/2014,11:50:00,156.05
11/11/2014,11:55:00,156.35
11/11/2014,12:00:00,156.4
11/11/2014,12:05:00,156.55
11/11/2014,12:10:00,156.3
11/11/2014,12:15:00,156.25
11/11/2014,12:20:00,156.55
11/11/2014,12:25:00,156.5
11/11/2014,12:30:00,156.85
11/11/2014,12:35:00,156.75
11/11/2014,12:40:00,156.5
11/11/2014,12:45:00,156.6
11/11/2014,12:50:00,156.8
11/11/2014,12:55:00,156.95
11/11/2014,13:00:00,157.2
11/11/2014,13:05:00,157.15
11/11/2014,13:10:00,156.95
11/11/2014,13:15:00,156.95
11/11/2014,13:20:00,156.9
11/11/2014,13:25:00,156.95
11/11/2014,13:30:00,156.95
11/11/2014,13:35:00,156.9
11/11/2014,13:40:00,156.6
11/11/2014,13:45:00,156.75
11/11/2014,13:50:00,156.9
11/11/2014,13:55:00,156.9
11/11/2014,14:00:00,156.65
11/11/2014,14:05:00,156.75
11/11/2014,14:10:00,156.7
11/11/2014,14:15:00,156.8
11/11/2014,14:20:00,156.85
11/11/2014,14:25:00,157.05
11/11/2014,14:30:00,157.0
11/11/2014,14:35:00,156.85
11/11/2014,14:40:00,156.8
11/11/2014,14:45:00,156.85
11/11/2014,14:50:00,156.65
11/11/2014,14:55:00,157.0
11/11/2014,15:00:00,157.25
11/11/2014,15:05:00,157.2
11/11/2014,15:10:00,157.0
11/11/2014,15:15:00,157.1
11/11/2014,15:20:00,157.15
11/11/2014,15:25:00,157.05
11/11/2014,15:30:00,156.6
12/11/2014,09:20:00,156.3
12/11/2014,09:25:00,156.35
12/11/2014,09:30:00,156.7
12/11/2014,09:35:00,156.95
12/11/2014,09:40:00,156.85
12/11/2014,09:45:00,157.0
12/11/2014,09:50:00,157.05
12/11/2014,09:55:00,156.85
12/11/2014,10:00:00,156.5
12/11/2014,10:05:00,155.7
12/11/2014,10:10:00,154.85
12/11/2014,10:15:00,154.6
12/11/2014,10:20:00,154.2
12/11/2014,10:25:00,154.25
12/11/2014,10:30:00,154.7
12/11/2014,10:35:00,154.7
12/11/2014,10:40:00,155.1
12/11/2014,10:45:00,155.0
12/11/2014,10:50:00,154.6
12/11/2014,10:55:00,154.75
12/11/2014,11:00:00,154.7
12/11/2014,11:05:00,154.85
12/11/2014,11:10:00,154.7
12/11/2014,11:15:00,154.55
12/11/2014,11:20:00,154.7
12/11/2014,11:25:00,154.65
12/11/2014,11:30:00,154.7
12/11/2014,11:35:00,154.7
12/11/2014,11:40:00,154.8
12/11/2014,11:45:00,154.95
12/11/2014,11:50:00,155.0
12/11/2014,11:55:00,154.9
12/11/2014,12:00:00,155.0
12/11/2014,12:05:00,154.9
12/11/2014,12:10:00,155.0
12/11/2014,12:15:00,155.0
12/11/2014,12:20:00,155.0
12/11/2014,12:25:00,155.0
12/11/2014,12:30:00,155.05
12/11/2014,12:35:00,155.0
12/11/2014,12:40:00,155.1
12/11/2014,12:45:00,155.2
12/11/2014,12:50:00,155.25
12/11/2014,12:55:00,155.25
12/11/2014,13:00:00,155.3
12/11/2014,13:05:00,155.35
12/11/2014,13:10:00,155.25
12/11/2014,13:15:00,155.3
12/11/2014,13:20:00,155.3
12/11/2014,13:25:00,155.4
12/11/2014,13:30:00,155.4
12/11/2014,13:35:00,155.45
12/11/2014,13:40:00,155.6
12/11/2014,13:45:00,155.5
12/11/2014,13:50:00,155.5
12/11/2014,13:55:00,155.5
12/11/2014,14:00:00,155.95
12/11/2014,14:05:00,156.1
12/11/2014,14:10:00,156.0
12/11/2014,14:15:00,156.0
12/11/2014,14:20:00,156.0
12/11/2014,14:25:00,156.05
12/11/2014,14:30:00,155.95
12/11/2014,14:35:00,155.95
12/11/2014,14:40:00,156.0
12/11/2014,14:45:00,155.95
12/11/2014,14:50:00,156.0
12/11/2014,14:55:00,155.65
12/11/2014,15:00:00,155.8
12/11/2014,15:05:00,155.7
12/11/2014,15:10:00,155.8
12/11/2014,15:15:00,155.6
12/11/2014,15:20:00,155.9
12/11/2014,15:25:00,156.05
12/11/2014,15:30:00,157.1
13/11/2014,09:20:00,154.65
13/11/2014,09:25:00,154.4
13/11/2014,09:30:00,154.25
13/11/2014,09:35:00,154.25
13/11/2014,09:40:00,153.5
13/11/2014,09:45:00,153.7
13/11/2014,09:50:00,152.8
13/11/2014,09:55:00,152.55
13/11/2014,10:00:00,152.65
13/11/2014,10:05:00,152.45
13/11/2014,10:10:00,152.7
13/11/2014,10:15:00,152.55
13/11/2014,10:20:00,152.35
13/11/2014,10:25:00,152.4
13/11/2014,10:30:00,152.1
13/11/2014,10:35:00,152.35
13/11/2014,10:40:00,152.15
13/11/2014,10:45:00,152.2
13/11/2014,10:50:00,152.75
13/11/2014,10:55:00,152.45
13/11/2014,11:00:00,152.4
13/11/2014,11:05:00,152.25
13/11/2014,11:10:00,152.3
13/11/2014,11:15:00,152.7
13/11/2014,11:20:00,152.2
13/11/2014,11:25:00,152.45
13/11/2014,11:30:00,152.55
13/11/2014,11:35:00,152.5
13/11/2014,11:40:00,152.6
13/11/2014,11:45:00,152.8
13/11/2014,11:50:00,152.8
13/11/2014,11:55:00,152.55
13/11/2014,12:00:00,152.35
13/11/2014,12:05:00,152.2
13/11/2014,12:10:00,152.25
13/11/2014,12:15:00,152.1
13/11/2014,12:20:00,152.1
13/11/2014,12:25:00,152.05
13/11/2014,12:30:00,152.1
13/11/2014,12:35:00,152.15
13/11/2014,12:40:00,152.15
13/11/2014,12:45:00,152.15
13/11/2014,12:50:00,152.1
13/11/2014,12:55:00,152.1
13/11/2014,13:00:00,152.15
13/11/2014,13:05:00,152.15
13/11/2014,13:10:00,152.0
13/11/2014,13:15:00,152.0
13/11/2014,13:20:00,152.0
13/11/2014,13:25:00,152.1
13/11/2014,13:30:00,151.9
13/11/2014,13:35:00,151.8
13/11/2014,13:40:00,151.8
13/11/2014,13:45:00,151.55
13/11/2014,13:50:00,151.6
13/11/2014,13:55:00,151.8
13/11/2014,14:00:00,151.5
13/11/2014,14:05:00,151.4
13/11/2014,14:10:00,151.25
13/11/2014,14:15:00,151.35
13/11/2014,14:20:00,151.2
13/11/2014,14:25:00,151.35
13/11/2014,14:30:00,151.15
13/11/2014,14:35:00,150.8
13/11/2014,14:40:00,151.05
13/11/2014,14:45:00,151.0
13/11/2014,14:50:00,150.9
13/11/2014,14:55:00,151.0
13/11/2014,15:00:00,150.75
13/11/2014,15:05:00,150.85
13/11/2014,15:10:00,151.05
13/11/2014,15:15:00,151.25
13/11/2014,15:20:00,151.3
13/11/2014,15:25:00,151.35
13/11/2014,15:30:00,151.25
14/11/2014,09:20:00,151.75
14/11/2014,09:25:00,152.0
14/11/2014,09:30:00,152.0
14/11/2014,09:35:00,152.65
14/11/2014,09:40:00,152.6
14/11/2014,09:45:00,152.3
14/11/2014,09:50:00,152.25
14/11/2014,09:55:00,152.3
14/11/2014,10:00:00,152.35
14/11/2014,10:05:00,152.35
14/11/2014,10:10:00,152.45
14/11/2014,10:15:00,152.6
14/11/2014,10:20:00,152.6
14/11/2014,10:25:00,153.05
14/11/2014,10:30:00,153.2
14/11/2014,10:35:00,153.25
14/11/2014,10:40:00,153.2
14/11/2014,10:45:00,153.1
14/11/2014,10:50:00,153.2
14/11/2014,10:55:00,153.0
14/11/2014,11:00:00,152.7
14/11/2014,11:05:00,152.9
14/11/2014,11:10:00,152.9
14/11/2014,11:15:00,152.9
14/11/2014,11:20:00,152.9
14/11/2014,11:25:00,152.7
14/11/2014,11:30:00,152.8
14/11/2014,11:35:00,152.8
14/11/2014,11:40:00,153.0
14/11/2014,11:45:00,153.1
14/11/2014,11:50:00,153.4
14/11/2014,11:55:00,153.6
14/11/2014,12:00:00,153.55
14/11/2014,12:05:00,153.3
14/11/2014,12:10:00,153.3
14/11/2014,12:15:00,153.35
14/11/2014,12:20:00,153.45
14/11/2014,12:25:00,153.4
14/11/2014,12:30:00,153.4
14/11/2014,12:35:00,153.4
14/11/2014,12:40:00,153.8
14/11/2014,12:45:00,153.75
14/11/2014,12:50:00,153.85
14/11/2014,12:55:00,154.0
14/11/2014,13:00:00,154.25
14/11/2014,13:05:00,154.3
14/11/2014,13:10:00,154.3
14/11/2014,13:15:00,154.6
14/11/2014,13:20:00,154.3
14/11/2014,13:25:00,154.2
14/11/2014,13:30:00,154.3
14/11/2014,13:35:00,154.3
14/11/2014,13:40:00,154.1
14/11/2014,13:45:00,154.25
14/11/2014,13:50:00,154.25
14/11/2014,13:55:00,154.15
14/11/2014,14:00:00,154.35
14/11/2014,14:05:00,154.25
14/11/2014,14:10:00,154.3
14/11/2014,14:15:00,154.05
14/11/2014,14:20:00,153.8
14/11/2014,14:25:00,153.5
14/11/2014,14:30:00,153.4
14/11/2014,14:35:00,153.0
14/11/2014,14:40:00,153.5
14/11/2014,14:45:00,153.5
14/11/2014,14:50:00,153.25
14/11/2014,14:55:00,153.4
14/11/2014,15:00:00,153.2
14/11/2014,15:05:00,153.65
14/11/2014,15:10:00,153.85
14/11/2014,15:15:00,154.45
14/11/2014,15:20:00,154.2
14/11/2014,15:25:00,155.75
14/11/2014,15:30:00,155.4
17/11/2014,09:20:00,154.65
17/11/2014,09:25:00,154.3
17/11/2014,09:30:00,154.1
17/11/2014,09:35:00,153.65
17/11/2014,09:40:00,153.9
17/11/2014,09:45:00,153.6
17/11/2014,09:50:00,153.5
17/11/2014,09:55:00,153.6
17/11/2014,10:00:00,154.05
17/11/2014,10:05:00,153.95
17/11/2014,10:10:00,153.6
17/11/2014,10:15:00,152.9
17/11/2014,10:20:00,152.9
17/11/2014,10:25:00,153.0
17/11/2014,10:30:00,153.0
17/11/2014,10:35:00,153.0
17/11/2014,10:40:00,152.85
17/11/2014,10:45:00,152.75
17/11/2014,10:50:00,152.7
17/11/2014,10:55:00,152.85
17/11/2014,11:00:00,152.75
17/11/2014,11:05:00,152.65
17/11/2014,11:10:00,152.65
17/11/2014,11:15:00,152.7
17/11/2014,11:20:00,152.8
17/11/2014,11:25:00,152.95
17/11/2014,11:30:00,153.05
17/11/2014,11:35:00,152.65
17/11/2014,11:40:00,152.85
17/11/2014,11:45:00,152.8
17/11/2014,11:50:00,152.6
17/11/2014,11:55:00,152.45
17/11/2014,12:00:00,152.5
17/11/2014,12:05:00,152.45
17/11/2014,12:10:00,152.45
17/11/2014,12:15:00,152.4
17/11/2014,12:20:00,152.3
17/11/2014,12:25:00,152.25
17/11/2014,12:30:00,151.9
17/11/2014,12:35:00,152.0
17/11/2014,12:40:00,152.0
17/11/2014,12:45:00,152.0
17/11/2014,12:50:00,152.0
17/11/2014,12:55:00,152.0
17/11/2014,13:00:00,152.0
17/11/2014,13:05:00,152.0
17/11/2014,13:10:00,152.0
17/11/2014,13:15:00,152.0
17/11/2014,13:20:00,152.0
17/11/2014,13:25:00,152.0
17/11/2014,13:30:00,152.0
17/11/2014,13:35:00,151.95
17/11/2014,13:40:00,152.0
17/11/2014,13:45:00,152.8
17/11/2014,13:50:00,152.65
17/11/2014,13:55:00,152.45
17/11/2014,14:00:00,152.6
17/11/2014,14:05:00,152.5
17/11/2014,14:10:00,152.5
17/11/2014,14:15:00,152.6
17/11/2014,14:20:00,152.7
17/11/2014,14:25:00,152.85
17/11/2014,14:30:00,152.4
17/11/2014,14:35:00,152.7
17/11/2014,14:40:00,152.95
17/11/2014,14:45:00,153.0
17/11/2014,14:50:00,152.75
17/11/2014,14:55:00,152.65
17/11/2014,15:00:00,152.5
17/11/2014,15:05:00,152.3
17/11/2014,15:10:00,152.4
17/11/2014,15:15:00,152.3
17/11/2014,15:20:00,152.3
17/11/2014,15:25:00,152.05
17/11/2014,15:30:00,152.1
18/11/2014,09:20:00,152.55
18/11/2014,09:25:00,152.65
18/11/2014,09:30:00,153.45
18/11/2014,09:35:00,153.45
18/11/2014,09:40:00,153.3
18/11/2014,09:45:00,153.8
18/11/2014,09:50:00,153.85
18/11/2014,09:55:00,153.0
18/11/2014,10:00:00,152.8
18/11/2014,10:05:00,152.5
18/11/2014,10:10:00,152.8
18/11/2014,10:15:00,152.95
18/11/2014,10:20:00,152.9
18/11/2014,10:25:00,153.25
18/11/2014,10:30:00,153.3
18/11/2014,10:35:00,153.25
18/11/2014,10:40:00,153.2
18/11/2014,10:45:00,153.15
18/11/2014,10:50:00,153.1
18/11/2014,10:55:00,153.25
18/11/2014,11:00:00,153.25
18/11/2014,11:05:00,153.45
18/11/2014,11:10:00,153.6
18/11/2014,11:15:00,153.4
18/11/2014,11:20:00,153.35
18/11/2014,11:25:00,153.05
18/11/2014,11:30:00,152.9
18/11/2014,11:35:00,153.0
18/11/2014,11:40:00,152.95
18/11/2014,11:45:00,152.85
18/11/2014,11:50:00,152.9
18/11/2014,11:55:00,152.9
18/11/2014,12:00:00,152.8
18/11/2014,12:05:00,152.85
18/11/2014,12:10:00,152.85
18/11/2014,12:15:00,152.65
18/11/2014,12:20:00,152.85
18/11/2014,12:25:00,152.85
18/11/2014,12:30:00,152.6
18/11/2014,12:35:00,152.65
18/11/2014,12:40:00,152.65
18/11/2014,12:45:00,152.7
18/11/2014,12:50:00,152.5
18/11/2014,12:55:00,152.45
18/11/2014,13:00:00,152.6
18/11/2014,13:05:00,152.45
18/11/2014,13:10:00,152.5
18/11/2014,13:15:00,152.35
18/11/2014,13:20:00,152.25
18/11/2014,13:25:00,152.3
18/11/2014,13:30:00,152.25
18/11/2014,13:35:00,152.25
18/11/2014,13:40:00,152.2
18/11/2014,13:45:00,152.0
18/11/2014,13:50:00,152.05
18/11/2014,13:55:00,151.9
18/11/2014,14:00:00,152.0
18/11/2014,14:05:00,152.0
18/11/2014,14:10:00,151.95
18/11/2014,14:15:00,151.95
18/11/2014,14:20:00,151.95
18/11/2014,14:25:00,152.0
18/11/2014,14:30:00,151.95
18/11/2014,14:35:00,151.9
18/11/2014,14:40:00,151.8
18/11/2014,14:45:00,151.75
18/11/2014,14:50:00,151.5
18/11/2014,14:55:00,151.7
18/11/2014,15:00:00,151.45
18/11/2014,15:05:00,151.6
18/11/2014,15:10:00,151.4
18/11/2014,15:15:00,151.65
18/11/2014,15:20:00,151.4
18/11/2014,15:25:00,151.85
18/11/2014,15:30:00,151.65
19/11/2014,09:20:00,152.5
19/11/2014,09:25:00,152.35
19/11/2014,09:30:00,152.05
19/11/2014,09:35:00,152.2
19/11/2014,09:40:00,152.6
19/11/2014,09:45:00,152.55
19/11/2014,09:50:00,152.8
19/11/2014,09:55:00,152.9
19/11/2014,10:00:00,152.9
19/11/2014,10:05:00,152.85
19/11/2014,10:10:00,152.9
19/11/2014,10:15:00,152.7
19/11/2014,10:20:00,152.45
19/11/2014,10:25:00,152.1
19/11/2014,10:30:00,152.05
19/11/2014,10:35:00,151.9
19/11/2014,10:40:00,152.0
19/11/2014,10:45:00,152.0
19/11/2014,10:50:00,151.95
19/11/2014,10:55:00,151.45
19/11/2014,11:00:00,151.7
19/11/2014,11:05:00,152.1
19/11/2014,11:10:00,152.35
19/11/2014,11:15:00,152.25
19/11/2014,11:20:00,152.2
19/11/2014,11:25:00,152.1
19/11/2014,11:30:00,152.15
19/11/2014,11:35:00,152.1
19/11/2014,11:40:00,152.1
19/11/2014,11:45:00,152.1
19/11/2014,11:50:00,152.0
19/11/2014,11:55:00,151.9
19/11/2014,12:00:00,151.85
19/11/2014,12:05:00,151.9
19/11/2014,12:10:00,151.5
19/11/2014,12:15:00,151.3
19/11/2014,12:20:00,151.4
19/11/2014,12:25:00,151.45
19/11/2014,12:30:00,151.55
19/11/2014,12:35:00,151.5
19/11/2014,12:40:00,151.55
19/11/2014,12:45:00,151.65
19/11/2014,12:50:00,151.6
19/11/2014,12:55:00,151.7
19/11/2014,13:00:00,151.7
19/11/2014,13:05:00,151.5
19/11/2014,13:10:00,151.5
19/11/2014,13:15:00,151.45
19/11/2014,13:20:00,150.95
19/11/2014,13:25:00,151.15
19/11/2014,13:30:00,151.25
19/11/2014,13:35:00,150.95
19/11/2014,13:40:00,150.8
19/11/2014,13:45:00,150.85
19/11/2014,13:50:00,150.6
19/11/2014,13:55:00,150.55
19/11/2014,14:00:00,150.6
19/11/2014,14:05:00,150.4
19/11/2014,14:10:00,150.35
19/11/2014,14:15:00,150.1
19/11/2014,14:20:00,150.25
19/11/2014,14:25:00,150.1
19/11/2014,14:30:00,150.15
19/11/2014,14:35:00,150.5
19/11/2014,14:40:00,150.15
19/11/2014,14:45:00,150.35
19/11/2014,14:50:00,150.25
19/11/2014,14:55:00,149.55
19/11/2014,15:00:00,149.2
19/11/2014,15:05:00,149.1
19/11/2014,15:10:00,149.55
19/11/2014,15:15:00,149.4
19/11/2014,15:20:00,149.4
19/11/2014,15:25:00,149.35
19/11/2014,15:30:00,149.1
20/11/2014,09:20:00,149.15
20/11/2014,09:25:00,149.7
20/11/2014,09:30:00,149.3
20/11/2014,09:35:00,149.25
20/11/2014,09:40:00,149.3
20/11/2014,09:45:00,148.9
20/11/2014,09:50:00,148.7
20/11/2014,09:55:00,148.35
20/11/2014,10:00:00,148.2
20/11/2014,10:05:00,147.9
20/11/2014,10:10:00,148.0
20/11/2014,10:15:00,148.2
20/11/2014,10:20:00,148.15
20/11/2014,10:25:00,147.75
20/11/2014,10:30:00,147.85
20/11/2014,10:35:00,147.8
20/11/2014,10:40:00,147.95
20/11/2014,10:45:00,148.15
20/11/2014,10:50:00,148.1
20/11/2014,10:55:00,148.15
20/11/2014,11:00:00,148.1
20/11/2014,11:05:00,148.0
20/11/2014,11:10:00,148.0
20/11/2014,11:15:00,147.85
20/11/2014,11:20:00,147.8
20/11/2014,11:25:00,147.7
20/11/2014,11:30:00,147.35
20/11/2014,11:35:00,147.4
20/11/2014,11:40:00,147.2
20/11/2014,11:45:00,147.45
20/11/2014,11:50:00,147.05
20/11/2014,11:55:00,146.95
20/11/2014,12:00:00,147.2
20/11/2014,12:05:00,146.65
20/11/2014,12:10:00,146.8
20/11/2014,12:15:00,146.85
20/11/2014,12:20:00,146.75
20/11/2014,12:25:00,146.75
20/11/2014,12:30:00,146.25
20/11/2014,12:35:00,145.9
20/11/2014,12:40:00,146.4
20/11/2014,12:45:00,146.45
20/11/2014,12:50:00,146.75
20/11/2014,12:55:00,146.4
20/11/2014,13:00:00,146.35
20/11/2014,13:05:00,146.3
20/11/2014,13:10:00,146.7
20/11/2014,13:15:00,146.5
20/11/2014,13:20:00,146.55
20/11/2014,13:25:00,146.65
20/11/2014,13:30:00,146.6
20/11/2014,13:35:00,146.2
20/11/2014,13:40:00,145.75
20/11/2014,13:45:00,145.65
20/11/2014,13:50:00,145.85
20/11/2014,13:55:00,145.7
20/11/2014,14:00:00,145.6
20/11/2014,14:05:00,145.15
20/11/2014,14:10:00,145.05
20/11/2014,14:15:00,144.6
20/11/2014,14:20:00,144.3
20/11/2014,14:25:00,144.15
20/11/2014,14:30:00,144.2
20/11/2014,14:35:00,144.05
20/11/2014,14:40:00,144.35
20/11/2014,14:45:00,144.25
20/11/2014,14:50:00,144.25
20/11/2014,14:55:00,144.55
20/11/2014,15:00:00,144.55
20/11/2014,15:05:00,145.05
20/11/2014,15:10:00,144.75
20/11/2014,15:15:00,144.9
20/11/2014,15:20:00,144.95
20/11/2014,15:25:00,144.6
20/11/2014,15:30:00,144.85
21/11/2014,09:20:00,144.25
21/11/2014,09:25:00,144.45
21/11/2014,09:30:00,145.25
21/11/2014,09:35:00,145.8
21/11/2014,09:40:00,146.5
21/11/2014,09:45:00,146.4
21/11/2014,09:50:00,145.85
21/11/2014,09:55:00,145.85
21/11/2014,10:00:00,146.05
21/11/2014,10:05:00,146.0
21/11/2014,10:10:00,145.9
21/11/2014,10:15:00,145.95
21/11/2014,10:20:00,146.2
21/11/2014,10:25:00,145.9
21/11/2014,10:30:00,145.9
21/11/2014,10:35:00,146.0
21/11/2014,10:40:00,145.95
21/11/2014,10:45:00,145.95
21/11/2014,10:50:00,146.05
21/11/2014,10:55:00,146.45
21/11/2014,11:00:00,146.4
21/11/2014,11:05:00,146.8
21/11/2014,11:10:00,146.75
21/11/2014,11:15:00,146.7
21/11/2014,11:20:00,146.65
21/11/2014,11:25:00,146.9
21/11/2014,11:30:00,146.75
21/11/2014,11:35:00,146.45
21/11/2014,11:40:00,146.7
21/11/2014,11:45:00,146.75
21/11/2014,11:50:00,146.45
21/11/2014,11:55:00,146.45
21/11/2014,12:00:00,146.4
21/11/2014,12:05:00,146.35
21/11/2014,12:10:00,146.05
21/11/2014,12:15:00,145.95
21/11/2014,12:20:00,145.95
21/11/2014,12:25:00,146.05
21/11/2014,12:30:00,146.0
21/11/2014,12:35:00,145.8
21/11/2014,12:40:00,145.9
21/11/2014,12:45:00,145.8
21/11/2014,12:50:00,145.7
21/11/2014,12:55:00,145.45
21/11/2014,13:00:00,145.4
21/11/2014,13:05:00,145.9
21/11/2014,13:10:00,146.2
21/11/2014,13:15:00,146.15
21/11/2014,13:20:00,146.0
21/11/2014,13:25:00,145.95
21/11/2014,13:30:00,145.9
21/11/2014,13:35:00,146.1
21/11/2014,13:40:00,145.8
21/11/2014,13:45:00,145.85
21/11/2014,13:50:00,146.05
21/11/2014,13:55:00,145.9
21/11/2014,14:00:00,145.95
21/11/2014,14:05:00,145.9
21/11/2014,14:10:00,145.85
21/11/2014,14:15:00,145.85
21/11/2014,14:20:00,145.95
21/11/2014,14:25:00,146.1
21/11/2014,14:30:00,146.2
21/11/2014,14:35:00,146.1
21/11/2014,14:40:00,146.45
21/11/2014,14:45:00,146.15
21/11/2014,14:50:00,146.45
21/11/2014,14:55:00,146.8
21/11/2014,15:00:00,146.65
21/11/2014,15:05:00,146.6
21/11/2014,15:10:00,146.7
21/11/2014,15:15:00,145.5
21/11/2014,15:20:00,145.75
21/11/2014,15:25:00,145.9
21/11/2014,15:30:00,145.9
24/11/2014,09:20:00,148.55
24/11/2014,09:25:00,149.4
24/11/2014,09:30:00,149.5
24/11/2014,09:35:00,148.8
24/11/2014,09:40:00,148.75
24/11/2014,09:45:00,148.6
24/11/2014,09:50:00,148.05
24/11/2014,09:55:00,148.1
24/11/2014,10:00:00,148.1
24/11/2014,10:05:00,148.0
24/11/2014,10:10:00,147.55
24/11/2014,10:15:00,147.55
24/11/2014,10:20:00,147.4
24/11/2014,10:25:00,147.85
24/11/2014,10:30:00,147.65
24/11/2014,10:35:00,147.75
24/11/2014,10:40:00,147.95
24/11/2014,10:45:00,148.0
24/11/2014,10:50:00,148.05
24/11/2014,10:55:00,148.2
24/11/2014,11:00:00,147.95
24/11/2014,11:05:00,148.0
24/11/2014,11:10:00,148.0
24/11/2014,11:15:00,148.45
24/11/2014,11:20:00,148.0
24/11/2014,11:25:00,147.9
24/11/2014,11:30:00,147.5
24/11/2014,11:35:00,147.95
24/11/2014,11:40:00,147.9
24/11/2014,11:45:00,148.15
24/11/2014,11:50:00,148.7
24/11/2014,11:55:00,148.65
24/11/2014,12:00:00,148.5
24/11/2014,12:05:00,148.6
24/11/2014,12:10:00,148.1
24/11/2014,12:15:00,148.55
24/11/2014,12:20:00,148.65
24/11/2014,12:25:00,148.5
24/11/2014,12:30:00,148.5
24/11/2014,12:35:00,148.45
24/11/2014,12:40:00,148.5
24/11/2014,12:45:00,148.45
24/11/2014,12:50:00,148.4
24/11/2014,12:55:00,148.45
24/11/2014,13:00:00,148.45
24/11/2014,13:05:00,148.45
24/11/2014,13:10:00,148.3
24/11/2014,13:15:00,148.4
24/11/2014,13:20:00,148.35
24/11/2014,13:25:00,147.6
24/11/2014,13:30:00,147.4
24/11/2014,13:35:00,147.35
24/11/2014,13:40:00,147.25
24/11/2014,13:45:00,147.2
24/11/2014,13:50:00,147.7
24/11/2014,13:55:00,147.7
24/11/2014,14:00:00,148.0
24/11/2014,14:05:00,148.0
24/11/2014,14:10:00,147.8
24/11/2014,14:15:00,147.8
24/11/2014,14:20:00,147.75
24/11/2014,14:25:00,147.55
24/11/2014,14:30:00,147.5
24/11/2014,14:35:00,147.65
24/11/2014,14:40:00,147.65
24/11/2014,14:45:00,147.3
24/11/2014,14:50:00,147.4
24/11/2014,14:55:00,147.4
24/11/2014,15:00:00,146.95
24/11/2014,15:05:00,146.95
24/11/2014,15:10:00,146.55
24/11/2014,15:15:00,145.4
24/11/2014,15:20:00,145.4
24/11/2014,15:25:00,145.5
24/11/2014,15:30:00,145.5
25/11/2014,09:20:00,144.75
25/11/2014,09:25:00,144.1
25/11/2014,09:30:00,144.0
25/11/2014,09:35:00,144.0
25/11/2014,09:40:00,143.45
25/11/2014,09:45:00,142.45
25/11/2014,09:50:00,142.75
25/11/2014,09:55:00,142.85
25/11/2014,10:00:00,142.7
25/11/2014,10:05:00,142.75
25/11/2014,10:10:00,142.75
25/11/2014,10:15:00,142.65
25/11/2014,10:20:00,142.55
25/11/2014,10:25:00,141.7
25/11/2014,10:30:00,141.9
25/11/2014,10:35:00,141.55
25/11/2014,10:40:00,141.0
25/11/2014,10:45:00,141.6
25/11/2014,10:50:00,141.5
25/11/2014,10:55:00,141.2
25/11/2014,11:00:00,141.8
25/11/2014,11:05:00,141.4
25/11/2014,11:10:00,140.85
25/11/2014,11:15:00,140.9
25/11/2014,11:20:00,140.4
25/11/2014,11:25:00,140.5
25/11/2014,11:30:00,140.7
25/11/2014,11:35:00,140.8
25/11/2014,11:40:00,140.85
25/11/2014,11:45:00,141.0
25/11/2014,11:50:00,140.95
25/11/2014,11:55:00,141.0
25/11/2014,12:00:00,141.25
25/11/2014,12:05:00,141.2
25/11/2014,12:10:00,141.35
25/11/2014,12:15:00,141.35
25/11/2014,12:20:00,141.25
25/11/2014,12:25:00,141.15
25/11/2014,12:30:00,141.15
25/11/2014,12:35:00,141.05
25/11/2014,12:40:00,141.05
25/11/2014,12:45:00,141.1
25/11/2014,12:50:00,140.95
25/11/2014,12:55:00,141.0
25/11/2014,13:00:00,141.2
25/11/2014,13:05:00,141.05
25/11/2014,13:10:00,141.05
25/11/2014,13:15:00,141.05
25/11/2014,13:20:00,141.1
25/11/2014,13:25:00,141.4
25/11/2014,13:30:00,141.35
25/11/2014,13:35:00,141.75
25/11/2014,13:40:00,141.65
25/11/2014,13:45:00,141.45
25/11/2014,13:50:00,141.55
25/11/2014,13:55:00,141.65
25/11/2014,14:00:00,141.25
25/11/2014,14:05:00,140.85
25/11/2014,14:10:00,140.75
25/11/2014,14:15:00,141.05
25/11/2014,14:20:00,141.1
25/11/2014,14:25:00,141.2
25/11/2014,14:30:00,141.05
25/11/2014,14:35:00,140.95
25/11/2014,14:40:00,140.9
25/11/2014,14:45:00,140.4
25/11/2014,14:50:00,140.45
25/11/2014,14:55:00,140.45
25/11/2014,15:00:00,140.4
25/11/2014,15:05:00,140.35
25/11/2014,15:10:00,140.5
25/11/2014,15:15:00,140.45
25/11/2014,15:20:00,140.4
25/11/2014,15:25:00,140.45
25/11/2014,15:30:00,140.5
26/11/2014,09:20:00,140.25
26/11/2014,09:25:00,140.1
26/11/2014,09:30:00,140.3
26/11/2014,09:35:00,140.75
26/11/2014,09:40:00,140.8
26/11/2014,09:45:00,140.75
26/11/2014,09:50:00,140.75
26/11/2014,09:55:00,140.25
26/11/2014,10:00:00,140.65
26/11/2014,10:05:00,140.65
26/11/2014,10:10:00,140.8
26/11/2014,10:15:00,140.8
26/11/2014,10:20:00,140.85
26/11/2014,10:25:00,141.25
26/11/2014,10:30:00,141.45
26/11/2014,10:35:00,140.8
26/11/2014,10:40:00,140.65
26/11/2014,10:45:00,140.65
26/11/2014,10:50:00,140.55
26/11/2014,10:55:00,140.7
26/11/2014,11:00:00,140.55
26/11/2014,11:05:00,140.65
26/11/2014,11:10:00,141.05
26/11/2014,11:15:00,141.1
26/11/2014,11:20:00,141.1
26/11/2014,11:25:00,141.05
26/11/2014,11:30:00,141.0
26/11/2014,11:35:00,140.8
26/11/2014,11:40:00,140.85
26/11/2014,11:45:00,140.75
26/11/2014,11:50:00,140.7
26/11/2014,11:55:00,140.65
26/11/2014,12:00:00,140.7
26/11/2014,12:05:00,140.8
26/11/2014,12:10:00,141.0
26/11/2014,12:15:00,141.0
26/11/2014,12:20:00,141.05
26/11/2014,12:25:00,141.1
26/11/2014,12:30:00,141.1
26/11/2014,12:35:00,141.4
26/11/2014,12:40:00,141.25
26/11/2014,12:45:00,141.0
26/11/2014,12:50:00,141.05
26/11/2014,12:55:00,141.2
26/11/2014,13:00:00,140.65
26/11/2014,13:05:00,140.8
26/11/2014,13:10:00,140.65
26/11/2014,13:15:00,140.6
26/11/2014,13:20:00,140.6
26/11/2014,13:25:00,140.7
26/11/2014,13:30:00,140.6
26/11/2014,13:35:00,140.9
26/11/2014,13:40:00,140.8
26/11/2014,13:45:00,140.9
26/11/2014,13:50:00,140.75
26/11/2014,13:55:00,140.7
26/11/2014,14:00:00,141.25
26/11/2014,14:05:00,141.05
26/11/2014,14:10:00,140.7
26/11/2014,14:15:00,140.75
26/11/2014,14:20:00,140.7
26/11/2014,14:25:00,140.8
26/11/2014,14:30:00,140.8
26/11/2014,14:35:00,140.65
26/11/2014,14:40:00,140.75
26/11/2014,14:45:00,141.05
26/11/2014,14:50:00,140.85
26/11/2014,14:55:00,140.8
26/11/2014,15:00:00,140.55
26/11/2014,15:05:00,140.85
26/11/2014,15:10:00,140.6
26/11/2014,15:15:00,141.15
26/11/2014,15:20:00,140.9
26/11/2014,15:25:00,140.7
26/11/2014,15:30:00,141.0
27/11/2014,09:20:00,141.2
27/11/2014,09:25:00,141.35
27/11/2014,09:30:00,141.05
27/11/2014,09:35:00,140.7
27/11/2014,09:40:00,140.4
27/11/2014,09:45:00,140.2
27/11/2014,09:50:00,140.45
27/11/2014,09:55:00,140.4
27/11/2014,10:00:00,140.65
27/11/2014,10:05:00,140.7
27/11/2014,10:10:00,140.65
27/11/2014,10:15:00,141.35
27/11/2014,10:20:00,141.15
27/11/2014,10:25:00,140.9
27/11/2014,10:30:00,140.9
27/11/2014,10:35:00,141.1
27/11/2014,10:40:00,141.2
27/11/2014,10:45:00,141.2
27/11/2014,10:50:00,141.25
27/11/2014,10:55:00,140.5
27/11/2014,11:00:00,140.65
27/11/2014,11:05:00,140.65
27/11/2014,11:10:00,141.2
27/11/2014,11:15:00,141.0
27/11/2014,11:20:00,141.0
27/11/2014,11:25:00,140.9
27/11/2014,11:30:00,141.25
27/11/2014,11:35:00,141.1
27/11/2014,11:40:00,141.05
27/11/2014,11:45:00,141.1
27/11/2014,11:50:00,141.0
27/11/2014,11:55:00,141.0
27/11/2014,12:00:00,140.95
27/11/2014,12:05:00,140.95
27/11/2014,12:10:00,141.0
27/11/2014,12:15:00,141.1
27/11/2014,12:20:00,141.05
27/11/2014,12:25:00,141.1
27/11/2014,12:30:00,140.8
27/11/2014,12:35:00,141.0
27/11/2014,12:40:00,140.9
27/11/2014,12:45:00,140.8
27/11/2014,12:50:00,140.85
27/11/2014,12:55:00,140.75
27/11/2014,13:00:00,140.85
27/11/2014,13:05:00,140.75
27/11/2014,13:10:00,140.85
27/11/2014,13:15:00,140.6
27/11/2014,13:20:00,140.5
27/11/2014,13:25:00,140.5
27/11/2014,13:30:00,140.1
27/11/2014,13:35:00,139.95
27/11/2014,13:40:00,139.95
27/11/2014,13:45:00,140.3
27/11/2014,13:50:00,140.15
27/11/2014,13:55:00,140.3
27/11/2014,14:00:00,140.65
27/11/2014,14:05:00,140.55
27/11/2014,14:10:00,140.5
27/11/2014,14:15:00,140.55
27/11/2014,14:20:00,140.75
27/11/2014,14:25:00,140.8
27/11/2014,14:30:00,140.8
27/11/2014,14:35:00,140.85
27/11/2014,14:40:00,140.7
27/11/2014,14:45:00,140.65
27/11/2014,14:50:00,140.5
27/11/2014,14:55:00,140.25
27/11/2014,15:00:00,139.85
27/11/2014,15:05:00,140.1
27/11/2014,15:10:00,140.25
27/11/2014,15:15:00,140.2
27/11/2014,15:20:00,140.1
27/11/2014,15:25:00,140.6
27/11/2014,15:30:00,140.4
28/11/2014,09:20:00,141.3
28/11/2014,09:25:00,141.45
28/11/2014,09:30:00,141.45
28/11/2014,09:35:00,141.5
28/11/2014,09:40:00,141.5
28/11/2014,09:45:00,140.8
28/11/2014,09:50:00,140.45
28/11/2014,09:55:00,140.5
28/11/2014,10:00:00,140.7
28/11/2014,10:05:00,140.7
28/11/2014,10:10:00,140.65
28/11/2014,10:15:00,140.4
28/11/2014,10:20:00,140.65
28/11/2014,10:25:00,140.4
28/11/2014,10:30:00,140.0
28/11/2014,10:35:00,140.3
28/11/2014,10:40:00,140.3
28/11/2014,10:45:00,140.3
28/11/2014,10:50:00,140.5
28/11/2014,10:55:00,140.35
28/11/2014,11:00:00,140.6
28/11/2014,11:05:00,140.75
28/11/2014,11:10:00,140.75
28/11/2014,11:15:00,140.75
28/11/2014,11:20:00,140.75
28/11/2014,11:25:00,140.9
28/11/2014,11:30:00,140.9
28/11/2014,11:35:00,141.0
28/11/2014,11:40:00,141.0
28/11/2014,11:45:00,141.0
28/11/2014,11:50:00,141.0
28/11/2014,11:55:00,140.9
28/11/2014,12:00:00,140.9
28/11/2014,12:05:00,140.3
28/11/2014,12:10:00,140.2
28/11/2014,12:15:00,140.45
28/11/2014,12:20:00,140.65
28/11/2014,12:25:00,140.65
28/11/2014,12:30:00,140.7
28/11/2014,12:35:00,140.85
28/11/2014,12:40:00,140.7
28/11/2014,12:45:00,140.85
28/11/2014,12:50:00,140.95
28/11/2014,12:55:00,141.45
28/11/2014,13:00:00,141.2
28/11/2014,13:05:00,141.35
28/11/2014,13:10:00,141.3
28/11/2014,13:15:00,141.0
28/11/2014,13:20:00,141.2
28/11/2014,13:25:00,141.35
28/11/2014,13:30:00,141.35
28/11/2014,13:35:00,141.4
28/11/2014,13:40:00,141.0
28/11/2014,13:45:00,141.4
28/11/2014,13:50:00,141.0
28/11/2014,13:55:00,140.95
28/11/2014,14:00:00,141.15
28/11/2014,14:05:00,141.3
28/11/2014,14:10:00,141.4
28/11/2014,14:15:00,141.6
28/11/2014,14:20:00,141.7
28/11/2014,14:25:00,141.6
28/11/2014,14:30:00,141.4
28/11/2014,14:35:00,141.25
28/11/2014,14:40:00,141.5
28/11/2014,14:45:00,141.3
28/11/2014,14:50:00,140.95
28/11/2014,14:55:00,139.85
28/11/2014,15:00:00,140.0
28/11/2014,15:05:00,140.0
28/11/2014,15:10:00,140.0
28/11/2014,15:15:00,139.95
28/11/2014,15:20:00,139.9
28/11/2014,15:25:00,140.1
28/11/2014,15:30:00,139.5
01/12/2014,09:20:00,140.2
01/12/2014,09:25:00,138.2
01/12/2014,09:30:00,138.6
01/12/2014,09:35:00,138.3
01/12/2014,09:40:00,136.85
01/12/2014,09:45:00,136.35
01/12/2014,09:50:00,136.7
01/12/2014,09:55:00,136.55
01/12/2014,10:00:00,136.5
01/12/2014,10:05:00,136.45
01/12/2014,10:10:00,136.7
01/12/2014,10:15:00,136.5
01/12/2014,10:20:00,136.7
01/12/2014,10:25:00,136.45
01/12/2014,10:30:00,136.6
01/12/2014,10:35:00,136.95
01/12/2014,10:40:00,137.15
01/12/2014,10:45:00,137.0
01/12/2014,10:50:00,136.6
01/12/2014,10:55:00,136.6
01/12/2014,11:00:00,136.65
01/12/2014,11:05:00,136.7
01/12/2014,11:10:00,136.8
01/12/2014,11:15:00,136.75
01/12/2014,11:20:00,136.9
01/12/2014,11:25:00,136.6
01/12/2014,11:30:00,136.6
01/12/2014,11:35:00,136.7
01/12/2014,11:40:00,136.35
01/12/2014,11:45:00,136.2
01/12/2014,11:50:00,136.25
01/12/2014,11:55:00,136.05
01/12/2014,12:00:00,136.25
01/12/2014,12:05:00,136.55
01/12/2014,12:10:00,136.5
01/12/2014,12:15:00,136.85
01/12/2014,12:20:00,136.8
01/12/2014,12:25:00,137.0
01/12/2014,12:30:00,136.8
01/12/2014,12:35:00,136.6
01/12/2014,12:40:00,136.75
01/12/2014,12:45:00,136.75
01/12/2014,12:50:00,136.75
01/12/2014,12:55:00,136.35
01/12/2014,13:00:00,136.35
01/12/2014,13:05:00,136.3
01/12/2014,13:10:00,136.05
01/12/2014,13:15:00,136.2
01/12/2014,13:20:00,136.1
01/12/2014,13:25:00,136.05
01/12/2014,13:30:00,135.95
01/12/2014,13:35:00,135.4
01/12/2014,13:40:00,135.1
01/12/2014,13:45:00,135.1
01/12/2014,13:50:00,135.2
01/12/2014,13:55:00,135.35
01/12/2014,14:00:00,135.4
01/12/2014,14:05:00,135.1
01/12/2014,14:10:00,135.05
01/12/2014,14:15:00,134.9
01/12/2014,14:20:00,135.05
01/12/2014,14:25:00,135.0
01/12/2014,14:30:00,134.95
01/12/2014,14:35:00,135.15
01/12/2014,14:40:00,133.9
01/12/2014,14:45:00,133.3
01/12/2014,14:50:00,133.45
01/12/2014,14:55:00,134.15
01/12/2014,15:00:00,133.6
01/12/2014,15:05:00,134.3
01/12/2014,15:10:00,134.05
01/12/2014,15:15:00,134.15
01/12/2014,15:20:00,134.65
01/12/2014,15:25:00,134.65
01/12/2014,15:30:00,134.4
02/12/2014,09:20:00,135.2
02/12/2014,09:25:00,135.95
02/12/2014,09:30:00,136.2
02/12/2014,09:35:00,136.2
02/12/2014,09:40:00,135.95
02/12/2014,09:45:00,136.0
02/12/2014,09:50:00,135.85
02/12/2014,09:55:00,135.85
02/12/2014,10:00:00,135.95
02/12/2014,10:05:00,136.1
02/12/2014,10:10:00,136.05
02/12/2014,10:15:00,136.05
02/12/2014,10:20:00,136.35
02/12/2014,10:25:00,136.35
02/12/2014,10:30:00,136.4
02/12/2014,10:35:00,136.25
02/12/2014,10:40:00,136.45
02/12/2014,10:45:00,136.15
02/12/2014,10:50:00,136.3
02/12/2014,10:55:00,136.45
02/12/2014,11:00:00,136.2
02/12/2014,11:05:00,136.3
02/12/2014,11:10:00,136.05
02/12/2014,11:15:00,136.1
02/12/2014,11:20:00,136.2
02/12/2014,11:25:00,136.2
02/12/2014,11:30:00,136.2
02/12/2014,11:35:00,136.2
02/12/2014,11:40:00,136.35
02/12/2014,11:45:00,136.45
02/12/2014,11:50:00,136.6
02/12/2014,11:55:00,136.55
02/12/2014,12:00:00,136.6
02/12/2014,12:05:00,137.15
02/12/2014,12:10:00,137.3
02/12/2014,12:15:00,137.25
02/12/2014,12:20:00,137.25
02/12/2014,12:25:00,137.35
02/12/2014,12:30:00,137.25
02/12/2014,12:35:00,137.35
02/12/2014,12:40:00,137.3
02/12/2014,12:45:00,137.35
02/12/2014,12:50:00,137.25
02/12/2014,12:55:00,137.4
02/12/2014,13:00:00,137.7
02/12/2014,13:05:00,137.6
02/12/2014,13:10:00,137.65
02/12/2014,13:15:00,137.85
02/12/2014,13:20:00,137.65
02/12/2014,13:25:00,137.55
02/12/2014,13:30:00,137.5
02/12/2014,13:35:00,137.5
02/12/2014,13:40:00,137.6
02/12/2014,13:45:00,137.7
02/12/2014,13:50:00,137.55
02/12/2014,13:55:00,137.5
02/12/2014,14:00:00,137.6
02/12/2014,14:05:00,137.35
02/12/2014,14:10:00,137.25
02/12/2014,14:15:00,137.7
02/12/2014,14:20:00,137.45
02/12/2014,14:25:00,137.5
02/12/2014,14:30:00,137.55
02/12/2014,14:35:00,137.4
02/12/2014,14:40:00,137.25
02/12/2014,14:45:00,137.25
02/12/2014,14:50:00,137.25
02/12/2014,14:55:00,137.5
02/12/2014,15:00:00,137.5
02/12/2014,15:05:00,137.5
02/12/2014,15:10:00,137.65
02/12/2014,15:15:00,137.5
02/12/2014,15:20:00,137.15
02/12/2014,15:25:00,136.95
02/12/2014,15:30:00,137.15
03/12/2014,09:20:00,138.6
03/12/2014,09:25:00,138.4
03/12/2014,09:30:00,138.6
03/12/2014,09:35:00,138.8
03/12/2014,09:40:00,138.45
03/12/2014,09:45:00,138.25
03/12/2014,09:50:00,138.2
03/12/2014,09:55:00,138.2
03/12/2014,10:00:00,138.0
03/12/2014,10:05:00,137.9
03/12/2014,10:10:00,137.9
03/12/2014,10:15:00,138.25
03/12/2014,10:20:00,137.95
03/12/2014,10:25:00,138.0
03/12/2014,10:30:00,138.0
03/12/2014,10:35:00,138.0
03/12/2014,10:40:00,138.1
03/12/2014,10:45:00,138.15
03/12/2014,10:50:00,138.3
03/12/2014,10:55:00,138.25
03/12/2014,11:00:00,138.3
03/12/2014,11:05:00,138.25
03/12/2014,11:10:00,138.3
03/12/2014,11:15:00,138.5
03/12/2014,11:20:00,138.35
03/12/2014,11:25:00,139.7
03/12/2014,11:30:00,139.6
03/12/2014,11:35:00,139.7
03/12/2014,11:40:00,139.75
03/12/2014,11:45:00,139.8
03/12/2014,11:50:00,139.8
03/12/2014,11:55:00,139.8
03/12/2014,12:00:00,139.7
03/12/2014,12:05:00,139.85
03/12/2014,12:10:00,139.9
03/12/2014,12:15:00,140.2
03/12/2014,12:20:00,140.25
03/12/2014,12:25:00,140.3
03/12/2014,12:30:00,140.0
03/12/2014,12:35:00,140.05
03/12/2014,12:40:00,140.15
03/12/2014,12:45:00,140.0
03/12/2014,12:50:00,139.9
03/12/2014,12:55:00,139.9
03/12/2014,13:00:00,140.0
03/12/2014,13:05:00,140.3
03/12/2014,13:10:00,140.25
03/12/2014,13:15:00,140.65
03/12/2014,13:20:00,140.4
03/12/2014,13:25:00,140.35
03/12/2014,13:30:00,140.05
03/12/2014,13:35:00,140.25
03/12/2014,13:40:00,140.15
03/12/2014,13:45:00,140.4
03/12/2014,13:50:00,140.45
03/12/2014,13:55:00,140.25
03/12/2014,14:00:00,140.1
03/12/2014,14:05:00,140.3
03/12/2014,14:10:00,140.45
03/12/2014,14:15:00,140.3
03/12/2014,14:20:00,140.45
03/12/2014,14:25:00,139.9
03/12/2014,14:30:00,139.6
03/12/2014,14:35:00,138.8
03/12/2014,14:40:00,138.6
03/12/2014,14:45:00,139.2
03/12/2014,14:50:00,139.1
03/12/2014,14:55:00,138.9
03/12/2014,15:00:00,138.75
03/12/2014,15:05:00,138.45
03/12/2014,15:10:00,138.1
03/12/2014,15:15:00,138.15
03/12/2014,15:20:00,137.85
03/12/2014,15:25:00,138.05
03/12/2014,15:30:00,138.0
04/12/2014,09:20:00,138.95
04/12/2014,09:25:00,138.6
04/12/2014,09:30:00,138.4
04/12/2014,09:35:00,138.35
04/12/2014,09:40:00,138.25
04/12/2014,09:45:00,138.3
04/12/2014,09:50:00,138.25
04/12/2014,09:55:00,138.65
04/12/2014,10:00:00,138.2
04/12/2014,10:05:00,137.95
04/12/2014,10:10:00,137.8
04/12/2014,10:15:00,138.0
04/12/2014,10:20:00,137.8
04/12/2014,10:25:00,137.85
04/12/2014,10:30:00,137.7
04/12/2014,10:35:00,138.1
04/12/2014,10:40:00,138.4
04/12/2014,10:45:00,138.15
04/12/2014,10:50:00,138.1
04/12/2014,10:55:00,138.3
04/12/2014,11:00:00,138.35
04/12/2014,11:05:00,138.3
04/12/2014,11:10:00,138.15
04/12/2014,11:15:00,137.9
04/12/2014,11:20:00,137.65
04/12/2014,11:25:00,137.4
04/12/2014,11:30:00,137.5
04/12/2014,11:35:00,137.7
04/12/2014,11:40:00,137.7
04/12/2014,11:45:00,137.85
04/12/2014,11:50:00,137.95
04/12/2014,11:55:00,138.15
04/12/2014,12:00:00,138.2
04/12/2014,12:05:00,138.3
04/12/2014,12:10:00,138.45
04/12/2014,12:15:00,138.35
04/12/2014,12:20:00,138.3
04/12/2014,12:25:00,138.5
04/12/2014,12:30:00,138.85
04/12/2014,12:35:00,138.9
04/12/2014,12:40:00,139.0
04/12/2014,12:45:00,138.9
04/12/2014,12:50:00,138.75
04/12/2014,12:55:00,138.65
04/12/2014,13:00:00,139.05
04/12/2014,13:05:00,139.85
04/12/2014,13:10:00,140.45
04/12/2014,13:15:00,140.3
04/12/2014,13:20:00,140.1
04/12/2014,13:25:00,140.2
04/12/2014,13:30:00,140.2
04/12/2014,13:35:00,140.25
04/12/2014,13:40:00,139.65
04/12/2014,13:45:00,139.95
04/12/2014,13:50:00,140.1
04/12/2014,13:55:00,139.85
04/12/2014,14:00:00,139.6
04/12/2014,14:05:00,139.45
04/12/2014,14:10:00,139.6
04/12/2014,14:15:00,139.5
04/12/2014,14:20:00,139.8
04/12/2014,14:25:00,139.75
04/12/2014,14:30:00,139.85
04/12/2014,14:35:00,140.05
04/12/2014,14:40:00,139.7
04/12/2014,14:45:00,140.0
04/12/2014,14:50:00,139.95
04/12/2014,14:55:00,139.95
04/12/2014,15:00:00,139.85
04/12/2014,15:05:00,140.05
04/12/2014,15:10:00,140.2
04/12/2014,15:15:00,139.9
04/12/2014,15:20:00,139.75
04/12/2014,15:25:00,139.95
04/12/2014,15:30:00,139.5
05/12/2014,09:20:00,140.55
05/12/2014,09:25:00,140.95
05/12/2014,09:30:00,140.6
05/12/2014,09:35:00,140.35
05/12/2014,09:40:00,140.15
05/12/2014,09:45:00,139.8
05/12/2014,09:50:00,139.35
05/12/2014,09:55:00,139.1
05/12/2014,10:00:00,139.2
05/12/2014,10:05:00,139.3
05/12/2014,10:10:00,139.45
05/12/2014,10:15:00,139.65
05/12/2014,10:20:00,139.6
05/12/2014,10:25:00,139.7
05/12/2014,10:30:00,139.75
05/12/2014,10:35:00,139.9
05/12/2014,10:40:00,140.0
05/12/2014,10:45:00,140.0
05/12/2014,10:50:00,139.8
05/12/2014,10:55:00,139.85
05/12/2014,11:00:00,140.0
05/12/2014,11:05:00,140.05
05/12/2014,11:10:00,140.1
05/12/2014,11:15:00,140.05
05/12/2014,11:20:00,140.05
05/12/2014,11:25:00,140.05
05/12/2014,11:30:00,140.3
05/12/2014,11:35:00,140.25
05/12/2014,11:40:00,140.15
05/12/2014,11:45:00,140.1
05/12/2014,11:50:00,140.15
05/12/2014,11:55:00,140.1
05/12/2014,12:00:00,140.0
05/12/2014,12:05:00,140.05
05/12/2014,12:10:00,140.0
05/12/2014,12:15:00,140.0
05/12/2014,12:20:00,140.1
05/12/2014,12:25:00,140.1
05/12/2014,12:30:00,140.25
05/12/2014,12:35:00,140.15
05/12/2014,12:40:00,140.15
05/12/2014,12:45:00,140.15
05/12/2014,12:50:00,140.1
05/12/2014,12:55:00,140.1
05/12/2014,13:00:00,140.05
05/12/2014,13:05:00,140.05
05/12/2014,13:10:00,140.0
05/12/2014,13:15:00,139.9
05/12/2014,13:20:00,139.95
05/12/2014,13:25:00,139.9
05/12/2014,13:30:00,140.05
05/12/2014,13:35:00,140.0
05/12/2014,13:40:00,140.05
05/12/2014,13:45:00,140.0
05/12/2014,13:50:00,140.15
05/12/2014,13:55:00,140.55
05/12/2014,14:00:00,140.55
05/12/2014,14:05:00,140.5
05/12/2014,14:10:00,140.6
05/12/2014,14:15:00,140.55
05/12/2014,14:20:00,140.65
05/12/2014,14:25:00,140.7
05/12/2014,14:30:00,141.0
05/12/2014,14:35:00,140.85
05/12/2014,14:40:00,140.75
05/12/2014,14:45:00,140.8
05/12/2014,14:50:00,140.2
05/12/2014,14:55:00,140.0
05/12/2014,15:00:00,140.5
05/12/2014,15:05:00,140.55
05/12/2014,15:10:00,140.25
05/12/2014,15:15:00,139.95
05/12/2014,15:20:00,140.0
05/12/2014,15:25:00,139.65
05/12/2014,15:30:00,139.6
08/12/2014,09:20:00,139.55
08/12/2014,09:25:00,140.5
08/12/2014,09:30:00,140.7
08/12/2014,09:35:00,139.65
08/12/2014,09:40:00,139.7
08/12/2014,09:45:00,139.55
08/12/2014,09:50:00,139.8
08/12/2014,09:55:00,139.55
08/12/2014,10:00:00,139.65
08/12/2014,10:05:00,139.6
08/12/2014,10:10:00,139.55
08/12/2014,10:15:00,139.5
08/12/2014,10:20:00,139.45
08/12/2014,10:25:00,139.45
08/12/2014,10:30:00,139.5
08/12/2014,10:35:00,139.4
08/12/2014,10:40:00,139.45
08/12/2014,10:45:00,139.35
08/12/2014,10:50:00,139.15
08/12/2014,10:55:00,139.0
08/12/2014,11:00:00,139.05
08/12/2014,11:05:00,139.05
08/12/2014,11:10:00,139.0
08/12/2014,11:15:00,139.1
08/12/2014,11:20:00,139.6
08/12/2014,11:25:00,139.55
08/12/2014,11:30:00,139.6
08/12/2014,11:35:00,139.55
08/12/2014,11:40:00,139.6
08/12/2014,11:45:00,139.7
08/12/2014,11:50:00,139.55
08/12/2014,11:55:00,139.5
08/12/2014,12:00:00,139.5
08/12/2014,12:05:00,139.6
08/12/2014,12:10:00,139.5
08/12/2014,12:15:00,139.55
08/12/2014,12:20:00,139.5
08/12/2014,12:25:00,139.5
08/12/2014,12:30:00,139.2
08/12/2014,12:35:00,139.5
08/12/2014,12:40:00,139.5
08/12/2014,12:45:00,139.5
08/12/2014,12:50:00,139.5
08/12/2014,12:55:00,139.55
08/12/2014,13:00:00,139.55
08/12/2014,13:05:00,139.5
08/12/2014,13:10:00,139.8
08/12/2014,13:15:00,139.5
08/12/2014,13:20:00,139.55
08/12/2014,13:25:00,139.5
08/12/2014,13:30:00,139.6
08/12/2014,13:35:00,139.6
08/12/2014,13:40:00,139.55
08/12/2014,13:45:00,139.6
08/12/2014,13:50:00,139.5
08/12/2014,13:55:00,139.65
08/12/2014,14:00:00,139.6
08/12/2014,14:05:00,139.6
08/12/2014,14:10:00,139.65
08/12/2014,14:15:00,139.5
08/12/2014,14:20:00,139.5
08/12/2014,14:25:00,139.5
08/12/2014,14:30:00,139.5
08/12/2014,14:35:00,139.3
08/12/2014,14:40:00,139.3
08/12/2014,14:45:00,139.45
08/12/2014,14:50:00,139.7
08/12/2014,14:55:00,139.55
08/12/2014,15:00:00,139.5
08/12/2014,15:05:00,139.55
08/12/2014,15:10:00,139.65
08/12/2014,15:15:00,139.65
08/12/2014,15:20:00,140.0
08/12/2014,15:25:00,140.0
08/12/2014,15:30:00,140.0
09/12/2014,09:20:00,138.8
09/12/2014,09:25:00,138.85
09/12/2014,09:30:00,138.85
09/12/2014,09:35:00,138.6
09/12/2014,09:40:00,138.7
09/12/2014,09:45:00,138.9
09/12/2014,09:50:00,138.5
09/12/2014,09:55:00,138.3
09/12/2014,10:00:00,138.2
09/12/2014,10:05:00,138.35
09/12/2014,10:10:00,138.45
09/12/2014,10:15:00,138.5
09/12/2014,10:20:00,138.4
09/12/2014,10:25:00,138.65
09/12/2014,10:30:00,138.35
09/12/2014,10:35:00,138.4
09/12/2014,10:40:00,138.45
09/12/2014,10:45:00,138.5
09/12/2014,10:50:00,138.5
09/12/2014,10:55:00,138.25
09/12/2014,11:00:00,138.4
09/12/2014,11:05:00,138.4
09/12/2014,11:10:00,138.3
09/12/2014,11:15:00,138.2
09/12/2014,11:20:00,138.4
09/12/2014,11:25:00,138.45
09/12/2014,11:30:00,138.45
09/12/2014,11:35:00,138.5
09/12/2014,11:40:00,138.55
09/12/2014,11:45:00,138.6
09/12/2014,11:50:00,138.5
09/12/2014,11:55:00,138.55
09/12/2014,12:00:00,138.65
09/12/2014,12:05:00,139.25
09/12/2014,12:10:00,140.0
09/12/2014,12:15:00,140.1
09/12/2014,12:20:00,140.1
09/12/2014,12:25:00,140.0
09/12/2014,12:30:00,139.8
09/12/2014,12:35:00,139.9
09/12/2014,12:40:00,139.5
09/12/2014,12:45:00,139.4
09/12/2014,12:50:00,139.1
09/12/2014,12:55:00,139.0
09/12/2014,13:00:00,139.1
09/12/2014,13:05:00,139.1
09/12/2014,13:10:00,139.0
09/12/2014,13:15:00,139.1
09/12/2014,13:20:00,139.3
09/12/2014,13:25:00,139.25
09/12/2014,13:30:00,139.2
09/12/2014,13:35:00,139.0
09/12/2014,13:40:00,138.95
09/12/2014,13:45:00,139.15
09/12/2014,13:50:00,139.0
09/12/2014,13:55:00,139.0
09/12/2014,14:00:00,139.0
09/12/2014,14:05:00,139.0
09/12/2014,14:10:00,139.0
09/12/2014,14:15:00,138.75
09/12/2014,14:20:00,139.0
09/12/2014,14:25:00,138.9
09/12/2014,14:30:00,138.65
09/12/2014,14:35:00,138.75
09/12/2014,14:40:00,139.0
09/12/2014,14:45:00,139.05
09/12/2014,14:50:00,139.35
09/12/2014,14:55:00,139.45
09/12/2014,15:00:00,139.65
09/12/2014,15:05:00,139.95
09/12/2014,15:10:00,140.0
09/12/2014,15:15:00,140.0
09/12/2014,15:20:00,139.9
09/12/2014,15:25:00,140.2
09/12/2014,15:30:00,139.75
10/12/2014,09:20:00,140.25
10/12/2014,09:25:00,140.25
10/12/2014,09:30:00,139.85
10/12/2014,09:35:00,139.55
10/12/2014,09:40:00,139.15
10/12/2014,09:45:00,139.35
10/12/2014,09:50:00,138.95
10/12/2014,09:55:00,138.3
10/12/2014,10:00:00,137.1
10/12/2014,10:05:00,137.15
10/12/2014,10:10:00,136.9
10/12/2014,10:15:00,137.15
10/12/2014,10:20:00,137.3
10/12/2014,10:25:00,136.95
10/12/2014,10:30:00,137.05
10/12/2014,10:35:00,137.25
10/12/2014,10:40:00,137.25
10/12/2014,10:45:00,137.2
10/12/2014,10:50:00,137.25
10/12/2014,10:55:00,137.3
10/12/2014,11:00:00,136.75
10/12/2014,11:05:00,136.8
10/12/2014,11:10:00,136.55
10/12/2014,11:15:00,136.5
10/12/2014,11:20:00,136.5
10/12/2014,11:25:00,136.7
10/12/2014,11:30:00,136.6
10/12/2014,11:35:00,136.8
10/12/2014,11:40:00,136.7
10/12/2014,11:45:00,136.55
10/12/2014,11:50:00,136.45
10/12/2014,11:55:00,136.45
10/12/2014,12:00:00,136.45
10/12/2014,12:05:00,136.3
10/12/2014,12:10:00,136.5
10/12/2014,12:15:00,136.6
10/12/2014,12:20:00,136.65
10/12/2014,12:25:00,136.55
10/12/2014,12:30:00,136.55
10/12/2014,12:35:00,136.7
10/12/2014,12:40:00,136.6
10/12/2014,12:45:00,136.55
10/12/2014,12:50:00,136.5
10/12/2014,12:55:00,136.5
10/12/2014,13:00:00,136.5
10/12/2014,13:05:00,136.45
10/12/2014,13:10:00,136.4
10/12/2014,13:15:00,136.4
10/12/2014,13:20:00,136.35
10/12/2014,13:25:00,136.4
10/12/2014,13:30:00,136.45
10/12/2014,13:35:00,136.5
10/12/2014,13:40:00,136.45
10/12/2014,13:45:00,136.4
10/12/2014,13:50:00,136.35
10/12/2014,13:55:00,136.35
10/12/2014,14:00:00,136.3
10/12/2014,14:05:00,136.35
10/12/2014,14:10:00,136.5
10/12/2014,14:15:00,136.4
10/12/2014,14:20:00,136.65
10/12/2014,14:25:00,136.6
10/12/2014,14:30:00,136.7
10/12/2014,14:35:00,136.5
10/12/2014,14:40:00,136.4
10/12/2014,14:45:00,136.35
10/12/2014,14:50:00,136.3
10/12/2014,14:55:00,136.3
10/12/2014,15:00:00,136.35
10/12/2014,15:05:00,136.75
10/12/2014,15:10:00,136.65
10/12/2014,15:15:00,136.75
10/12/2014,15:20:00,136.85
10/12/2014,15:25:00,137.0
10/12/2014,15:30:00,136.55
11/12/2014,09:20:00,135.6
11/12/2014,09:25:00,135.1
11/12/2014,09:30:00,135.0
11/12/2014,09:35:00,134.6
11/12/2014,09:40:00,134.6
11/12/2014,09:45:00,134.35
11/12/2014,09:50:00,134.45
11/12/2014,09:55:00,134.45
11/12/2014,10:00:00,134.45
11/12/2014,10:05:00,134.45
11/12/2014,10:10:00,134.7
11/12/2014,10:15:00,135.45
11/12/2014,10:20:00,135.05
11/12/2014,10:25:00,135.1
11/12/2014,10:30:00,135.2
11/12/2014,10:35:00,135.0
11/12/2014,10:40:00,135.1
11/12/2014,10:45:00,135.0
11/12/2014,10:50:00,134.95
11/12/2014,10:55:00,134.8
11/12/2014,11:00:00,134.75
11/12/2014,11:05:00,134.65
11/12/2014,11:10:00,134.75
11/12/2014,11:15:00,134.8
11/12/2014,11:20:00,135.05
11/12/2014,11:25:00,134.95
11/12/2014,11:30:00,134.95
11/12/2014,11:35:00,134.85
11/12/2014,11:40:00,134.8
11/12/2014,11:45:00,134.8
11/12/2014,11:50:00,134.8
11/12/2014,11:55:00,134.9
11/12/2014,12:00:00,135.05
11/12/2014,12:05:00,135.0
11/12/2014,12:10:00,135.1
11/12/2014,12:15:00,135.1
11/12/2014,12:20:00,134.95
11/12/2014,12:25:00,135.1
11/12/2014,12:30:00,134.95
11/12/2014,12:35:00,135.25
11/12/2014,12:40:00,135.4
11/12/2014,12:45:00,135.0
11/12/2014,12:50:00,135.0
11/12/2014,12:55:00,135.15
11/12/2014,13:00:00,135.25
11/12/2014,13:05:00,135.35
11/12/2014,13:10:00,135.45
11/12/2014,13:15:00,135.4
11/12/2014,13:20:00,135.5
11/12/2014,13:25:00,135.6
11/12/2014,13:30:00,135.5
11/12/2014,13:35:00,135.55
11/12/2014,13:40:00,135.5
11/12/2014,13:45:00,136.0
11/12/2014,13:50:00,136.0
11/12/2014,13:55:00,136.25
11/12/2014,14:00:00,136.4
11/12/2014,14:05:00,136.5
11/12/2014,14:10:00,136.5
11/12/2014,14:15:00,136.5
11/12/2014,14:20:00,136.6
11/12/2014,14:25:00,136.95
11/12/2014,14:30:00,136.95
11/12/2014,14:35:00,136.95
11/12/2014,14:40:00,136.85
11/12/2014,14:45:00,136.3
11/12/2014,14:50:00,137.1
11/12/2014,14:55:00,137.05
11/12/2014,15:00:00,137.1
11/12/2014,15:05:00,137.1
11/12/2014,15:10:00,136.9
11/12/2014,15:15:00,137.05
11/12/2014,15:20:00,137.55
11/12/2014,15:25:00,137.8
11/12/2014,15:30:00,138.0
12/12/2014,09:20:00,138.4
12/12/2014,09:25:00,138.5
12/12/2014,09:30:00,138.35
12/12/2014,09:35:00,138.4
12/12/2014,09:40:00,138.45
12/12/2014,09:45:00,138.35
12/12/2014,09:50:00,138.2
12/12/2014,09:55:00,138.5
12/12/2014,10:00:00,138.95
12/12/2014,10:05:00,138.85
12/12/2014,10:10:00,138.9
12/12/2014,10:15:00,138.9
12/12/2014,10:20:00,139.0
12/12/2014,10:25:00,139.0
12/12/2014,10:30:00,139.45
12/12/2014,10:35:00,139.6
12/12/2014,10:40:00,139.9
12/12/2014,10:45:00,139.55
12/12/2014,10:50:00,139.65
12/12/2014,10:55:00,139.65
12/12/2014,11:00:00,140.1
12/12/2014,11:05:00,140.1
12/12/2014,11:10:00,140.05
12/12/2014,11:15:00,140.0
12/12/2014,11:20:00,140.0
12/12/2014,11:25:00,140.1
12/12/2014,11:30:00,140.0
12/12/2014,11:35:00,140.0
12/12/2014,11:40:00,140.0
12/12/2014,11:45:00,140.0
12/12/2014,11:50:00,140.1
12/12/2014,11:55:00,140.1
12/12/2014,12:00:00,140.05
12/12/2014,12:05:00,139.95
12/12/2014,12:10:00,140.0
12/12/2014,12:15:00,140.05
12/12/2014,12:20:00,140.0
12/12/2014,12:25:00,140.0
12/12/2014,12:30:00,140.1
12/12/2014,12:35:00,140.0
12/12/2014,12:40:00,140.05
12/12/2014,12:45:00,140.3
12/12/2014,12:50:00,140.3
12/12/2014,12:55:00,140.25
12/12/2014,13:00:00,140.1
12/12/2014,13:05:00,140.1
12/12/2014,13:10:00,140.0
12/12/2014,13:15:00,139.95
12/12/2014,13:20:00,140.1
12/12/2014,13:25:00,140.0
12/12/2014,13:30:00,140.15
12/12/2014,13:35:00,140.15
12/12/2014,13:40:00,140.0
12/12/2014,13:45:00,140.05
12/12/2014,13:50:00,140.0
12/12/2014,13:55:00,140.0
12/12/2014,14:00:00,140.0
12/12/2014,14:05:00,139.9
12/12/2014,14:10:00,139.9
12/12/2014,14:15:00,139.8
12/12/2014,14:20:00,140.3
12/12/2014,14:25:00,139.9
12/12/2014,14:30:00,139.9
12/12/2014,14:35:00,140.0
12/12/2014,14:40:00,139.95
12/12/2014,14:45:00,139.9
12/12/2014,14:50:00,139.55
12/12/2014,14:55:00,139.8
12/12/2014,15:00:00,139.85
12/12/2014,15:05:00,139.2
12/12/2014,15:10:00,139.0
12/12/2014,15:15:00,139.1
12/12/2014,15:20:00,138.9
12/12/2014,15:25:00,139.35
12/12/2014,15:30:00,139.0
15/12/2014,09:20:00,137.6
15/12/2014,09:25:00,137.8
15/12/2014,09:30:00,137.3
15/12/2014,09:35:00,137.05
15/12/2014,09:40:00,137.45
15/12/2014,09:45:00,137.5
15/12/2014,09:50:00,137.3
15/12/2014,09:55:00,137.4
15/12/2014,10:00:00,137.3
15/12/2014,10:05:00,137.55
15/12/2014,10:10:00,137.5
15/12/2014,10:15:00,137.45
15/12/2014,10:20:00,137.5
15/12/2014,10:25:00,137.4
15/12/2014,10:30:00,137.45
15/12/2014,10:35:00,137.5
15/12/2014,10:40:00,137.45
15/12/2014,10:45:00,137.5
15/12/2014,10:50:00,137.5
15/12/2014,10:55:00,137.5
15/12/2014,11:00:00,137.5
15/12/2014,11:05:00,137.5
15/12/2014,11:10:00,137.5
15/12/2014,11:15:00,137.4
15/12/2014,11:20:00,136.85
15/12/2014,11:25:00,137.0
15/12/2014,11:30:00,136.9
15/12/2014,11:35:00,136.95
15/12/2014,11:40:00,137.05
15/12/2014,11:45:00,137.15
15/12/2014,11:50:00,137.1
15/12/2014,11:55:00,137.25
15/12/2014,12:00:00,137.3
15/12/2014,12:05:00,137.45
15/12/2014,12:10:00,137.4
15/12/2014,12:15:00,137.4
15/12/2014,12:20:00,137.45
15/12/2014,12:25:00,137.4
15/12/2014,12:30:00,137.35
15/12/2014,12:35:00,137.35
15/12/2014,12:40:00,137.25
15/12/2014,12:45:00,137.3
15/12/2014,12:50:00,137.3
15/12/2014,12:55:00,137.25
15/12/2014,13:00:00,137.3
15/12/2014,13:05:00,137.15
15/12/2014,13:10:00,137.3
15/12/2014,13:15:00,137.25
15/12/2014,13:20:00,137.35
15/12/2014,13:25:00,137.45
15/12/2014,13:30:00,137.35
15/12/2014,13:35:00,137.1
15/12/2014,13:40:00,136.95
15/12/2014,13:45:00,137.05
15/12/2014,13:50:00,137.25
15/12/2014,13:55:00,137.15
15/12/2014,14:00:00,137.05
15/12/2014,14:05:00,137.25
15/12/2014,14:10:00,137.25
15/12/2014,14:15:00,137.3
15/12/2014,14:20:00,137.4
15/12/2014,14:25:00,137.35
15/12/2014,14:30:00,137.4
15/12/2014,14:35:00,137.4
15/12/2014,14:40:00,137.4
15/12/2014,14:45:00,137.7
15/12/2014,14:50:00,137.75
15/12/2014,14:55:00,137.6
15/12/2014,15:00:00,137.4
15/12/2014,15:05:00,137.45
15/12/2014,15:10:00,137.55
15/12/2014,15:15:00,137.5
15/12/2014,15:20:00,137.25
15/12/2014,15:25:00,137.5
15/12/2014,15:30:00,137.75
16/12/2014,09:20:00,136.85
16/12/2014,09:25:00,136.75
16/12/2014,09:30:00,136.35
16/12/2014,09:35:00,136.4
16/12/2014,09:40:00,136.05
16/12/2014,09:45:00,135.65
16/12/2014,09:50:00,136.1
16/12/2014,09:55:00,136.0
16/12/2014,10:00:00,135.95
16/12/2014,10:05:00,135.95
16/12/2014,10:10:00,135.95
16/12/2014,10:15:00,135.05
16/12/2014,10:20:00,135.05
16/12/2014,10:25:00,134.6
16/12/2014,10:30:00,134.25
16/12/2014,10:35:00,133.6
16/12/2014,10:40:00,132.7
16/12/2014,10:45:00,132.35
16/12/2014,10:50:00,132.6
16/12/2014,10:55:00,132.8
16/12/2014,11:00:00,132.35
16/12/2014,11:05:00,132.7
16/12/2014,11:10:00,132.7
16/12/2014,11:15:00,132.7
16/12/2014,11:20:00,132.55
16/12/2014,11:25:00,132.75
16/12/2014,11:30:00,132.85
16/12/2014,11:35:00,133.05
16/12/2014,11:40:00,133.3
16/12/2014,11:45:00,133.3
16/12/2014,11:50:00,133.35
16/12/2014,11:55:00,133.25
16/12/2014,12:00:00,133.15
16/12/2014,12:05:00,133.0
16/12/2014,12:10:00,133.0
16/12/2014,12:15:00,133.0
16/12/2014,12:20:00,133.15
16/12/2014,12:25:00,133.3
16/12/2014,12:30:00,133.1
16/12/2014,12:35:00,133.5
16/12/2014,12:40:00,133.45
16/12/2014,12:45:00,133.45
16/12/2014,12:50:00,133.45
16/12/2014,12:55:00,133.5
16/12/2014,13:00:00,133.5
16/12/2014,13:05:00,133.5
16/12/2014,13:10:00,133.45
16/12/2014,13:15:00,133.2
16/12/2014,13:20:00,133.2
16/12/2014,13:25:00,133.35
16/12/2014,13:30:00,133.4
16/12/2014,13:35:00,133.35
16/12/2014,13:40:00,133.5
16/12/2014,13:45:00,133.75
16/12/2014,13:50:00,134.05
16/12/2014,13:55:00,133.95
16/12/2014,14:00:00,134.0
16/12/2014,14:05:00,134.05
16/12/2014,14:10:00,133.95
16/12/2014,14:15:00,134.1
16/12/2014,14:20:00,134.05
16/12/2014,14:25:00,134.0
16/12/2014,14:30:00,133.6
16/12/2014,14:35:00,133.95
16/12/2014,14:40:00,134.0
16/12/2014,14:45:00,134.25
16/12/2014,14:50:00,134.5
16/12/2014,14:55:00,134.4
16/12/2014,15:00:00,134.5
16/12/2014,15:05:00,134.0
16/12/2014,15:10:00,134.15
16/12/2014,15:15:00,134.5
16/12/2014,15:20:00,134.5
16/12/2014,15:25:00,135.0
16/12/2014,15:30:00,135.0
17/12/2014,09:20:00,135.2
17/12/2014,09:25:00,135.0
17/12/2014,09:30:00,135.25
17/12/2014,09:35:00,134.95
17/12/2014,09:40:00,135.15
17/12/2014,09:45:00,135.15
17/12/2014,09:50:00,135.3
17/12/2014,09:55:00,135.4
17/12/2014,10:00:00,135.45
17/12/2014,10:05:00,135.2
17/12/2014,10:10:00,134.5
17/12/2014,10:15:00,135.2
17/12/2014,10:20:00,135.7
17/12/2014,10:25:00,136.05
17/12/2014,10:30:00,136.15
17/12/2014,10:35:00,136.15
17/12/2014,10:40:00,137.0
17/12/2014,10:45:00,137.85
17/12/2014,10:50:00,138.05
17/12/2014,10:55:00,138.0
17/12/2014,11:00:00,138.95
17/12/2014,11:05:00,139.05
17/12/2014,11:10:00,138.85
17/12/2014,11:15:00,138.85
17/12/2014,11:20:00,138.6
17/12/2014,11:25:00,138.7
17/12/2014,11:30:00,138.65
17/12/2014,11:35:00,138.5
17/12/2014,11:40:00,138.2
17/12/2014,11:45:00,138.2
17/12/2014,11:50:00,138.15
17/12/2014,11:55:00,138.1
17/12/2014,12:00:00,138.2
17/12/2014,12:05:00,138.1
17/12/2014,12:10:00,138.15
17/12/2014,12:15:00,137.9
17/12/2014,12:20:00,138.0
17/12/2014,12:25:00,138.0
17/12/2014,12:30:00,138.0
17/12/2014,12:35:00,137.9
17/12/2014,12:40:00,137.85
17/12/2014,12:45:00,137.8
17/12/2014,12:50:00,137.75
17/12/2014,12:55:00,137.8
17/12/2014,13:00:00,137.9
17/12/2014,13:05:00,137.95
17/12/2014,13:10:00,137.95
17/12/2014,13:15:00,137.85
17/12/2014,13:20:00,137.85
17/12/2014,13:25:00,137.9
17/12/2014,13:30:00,138.0
17/12/2014,13:35:00,137.7
17/12/2014,13:40:00,137.75
17/12/2014,13:45:00,137.75
17/12/2014,13:50:00,137.5
17/12/2014,13:55:00,137.6
17/12/2014,14:00:00,137.6
17/12/2014,14:05:00,137.55
17/12/2014,14:10:00,137.6
17/12/2014,14:15:00,137.55
17/12/2014,14:20:00,137.6
17/12/2014,14:25:00,137.5
17/12/2014,14:30:00,137.55
17/12/2014,14:35:00,137.45
17/12/2014,14:40:00,137.5
17/12/2014,14:45:00,137.55
17/12/2014,14:50:00,137.5
17/12/2014,14:55:00,137.25
17/12/2014,15:00:00,137.2
17/12/2014,15:05:00,137.1
17/12/2014,15:10:00,137.3
17/12/2014,15:15:00,137.3
17/12/2014,15:20:00,137.55
17/12/2014,15:25:00,137.6
17/12/2014,15:30:00,136.7
18/12/2014,09:20:00,137.7
18/12/2014,09:25:00,138.0
18/12/2014,09:30:00,137.85
18/12/2014,09:35:00,139.0
18/12/2014,09:40:00,138.5
18/12/2014,09:45:00,138.45
18/12/2014,09:50:00,138.5
18/12/2014,09:55:00,138.45
18/12/2014,10:00:00,138.45
18/12/2014,10:05:00,138.45
18/12/2014,10:10:00,138.4
18/12/2014,10:15:00,138.35
18/12/2014,10:20:00,138.4
18/12/2014,10:25:00,138.45
18/12/2014,10:30:00,138.5
18/12/2014,10:35:00,138.1
18/12/2014,10:40:00,137.7
18/12/2014,10:45:00,137.75
18/12/2014,10:50:00,137.8
18/12/2014,10:55:00,137.8
18/12/2014,11:00:00,137.9
18/12/2014,11:05:00,137.8
18/12/2014,11:10:00,137.75
18/12/2014,11:15:00,137.65
18/12/2014,11:20:00,137.4
18/12/2014,11:25:00,137.7
18/12/2014,11:30:00,137.85
18/12/2014,11:35:00,137.85
18/12/2014,11:40:00,138.2
18/12/2014,11:45:00,138.25
18/12/2014,11:50:00,138.15
18/12/2014,11:55:00,138.0
18/12/2014,12:00:00,138.1
18/12/2014,12:05:00,138.3
18/12/2014,12:10:00,138.35
18/12/2014,12:15:00,138.3
18/12/2014,12:20:00,138.15
18/12/2014,12:25:00,137.9
18/12/2014,12:30:00,138.15
18/12/2014,12:35:00,138.25
18/12/2014,12:40:00,138.15
18/12/2014,12:45:00,138.2
18/12/2014,12:50:00,138.3
18/12/2014,12:55:00,138.3
18/12/2014,13:00:00,138.2
18/12/2014,13:05:00,138.15
18/12/2014,13:10:00,138.25
18/12/2014,13:15:00,138.45
18/12/2014,13:20:00,138.45
18/12/2014,13:25:00,138.3
18/12/2014,13:30:00,138.4
18/12/2014,13:35:00,138.35
18/12/2014,13:40:00,138.25
18/12/2014,13:45:00,138.4
18/12/2014,13:50:00,138.45
18/12/2014,13:55:00,138.35
18/12/2014,14:00:00,138.5
18/12/2014,14:05:00,138.5
18/12/2014,14:10:00,138.4
18/12/2014,14:15:00,138.5
18/12/2014,14:20:00,138.6
18/12/2014,14:25:00,138.4
18/12/2014,14:30:00,138.4
18/12/2014,14:35:00,138.5
18/12/2014,14:40:00,138.65
18/12/2014,14:45:00,138.65
18/12/2014,14:50:00,139.0
18/12/2014,14:55:00,139.05
18/12/2014,15:00:00,139.4
18/12/2014,15:05:00,139.45
18/12/2014,15:10:00,139.55
18/12/2014,15:15:00,139.55
18/12/2014,15:20:00,139.3
18/12/2014,15:25:00,139.35
18/12/2014,15:30:00,139.0
19/12/2014,09:20:00,140.65
19/12/2014,09:25:00,139.95
19/12/2014,09:30:00,139.8
19/12/2014,09:35:00,140.05
19/12/2014,09:40:00,139.55
19/12/2014,09:45:00,139.75
19/12/2014,09:50:00,139.95
19/12/2014,09:55:00,139.85
19/12/2014,10:00:00,139.7
19/12/2014,10:05:00,139.85
19/12/2014,10:10:00,139.9
19/12/2014,10:15:00,139.95
19/12/2014,10:20:00,140.0
19/12/2014,10:25:00,139.95
19/12/2014,10:30:00,139.95
19/12/2014,10:35:00,140.0
19/12/2014,10:40:00,140.0
19/12/2014,10:45:00,139.95
19/12/2014,10:50:00,139.95
19/12/2014,10:55:00,139.9
19/12/2014,11:00:00,140.0
19/12/2014,11:05:00,139.75
19/12/2014,11:10:00,139.9
19/12/2014,11:15:00,139.95
19/12/2014,11:20:00,139.85
19/12/2014,11:25:00,139.8
19/12/2014,11:30:00,139.75
19/12/2014,11:35:00,140.0
19/12/2014,11:40:00,139.95
19/12/2014,11:45:00,140.0
19/12/2014,11:50:00,139.95
19/12/2014,11:55:00,139.95
19/12/2014,12:00:00,140.0
19/12/2014,12:05:00,140.0
19/12/2014,12:10:00,140.0
19/12/2014,12:15:00,140.0
19/12/2014,12:20:00,140.05
19/12/2014,12:25:00,140.35
19/12/2014,12:30:00,140.8
19/12/2014,12:35:00,140.9
19/12/2014,12:40:00,141.0
19/12/2014,12:45:00,141.0
19/12/2014,12:50:00,141.2
19/12/2014,12:55:00,141.8
19/12/2014,13:00:00,142.45
19/12/2014,13:05:00,142.4
19/12/2014,13:10:00,142.15
19/12/2014,13:15:00,142.2
19/12/2014,13:20:00,142.65
19/12/2014,13:25:00,142.65
19/12/2014,13:30:00,142.35
19/12/2014,13:35:00,142.3
19/12/2014,13:40:00,142.2
19/12/2014,13:45:00,142.05
19/12/2014,13:50:00,142.1
19/12/2014,13:55:00,142.0
19/12/2014,14:00:00,141.9
19/12/2014,14:05:00,141.85
19/12/2014,14:10:00,142.3
19/12/2014,14:15:00,141.95
19/12/2014,14:20:00,142.0
19/12/2014,14:25:00,141.8
19/12/2014,14:30:00,141.65
19/12/2014,14:35:00,141.95
19/12/2014,14:40:00,142.15
19/12/2014,14:45:00,142.0
19/12/2014,14:50:00,142.05
19/12/2014,14:55:00,142.0
19/12/2014,15:00:00,141.9
19/12/2014,15:05:00,141.35
19/12/2014,15:10:00,140.85
19/12/2014,15:15:00,140.7
19/12/2014,15:20:00,140.4
19/12/2014,15:25:00,140.3
19/12/2014,15:30:00,140.55
22/12/2014,09:20:00,142.15
22/12/2014,09:25:00,143.1
22/12/2014,09:30:00,143.4
22/12/2014,09:35:00,143.35
22/12/2014,09:40:00,143.45
22/12/2014,09:45:00,143.45
22/12/2014,09:50:00,143.85
22/12/2014,09:55:00,144.05
22/12/2014,10:00:00,143.95
22/12/2014,10:05:00,144.0
22/12/2014,10:10:00,144.35
22/12/2014,10:15:00,144.75
22/12/2014,10:20:00,145.05
22/12/2014,10:25:00,144.85
22/12/2014,10:30:00,145.0
22/12/2014,10:35:00,145.0
22/12/2014,10:40:00,145.15
22/12/2014,10:45:00,145.05
22/12/2014,10:50:00,145.85
22/12/2014,10:55:00,144.95
22/12/2014,11:00:00,145.0
22/12/2014,11:05:00,145.0
22/12/2014,11:10:00,144.95
22/12/2014,11:15:00,144.8
22/12/2014,11:20:00,145.0
22/12/2014,11:25:00,144.95
22/12/2014,11:30:00,144.95
22/12/2014,11:35:00,144.85
22/12/2014,11:40:00,144.9
22/12/2014,11:45:00,144.85
22/12/2014,11:50:00,145.0
22/12/2014,11:55:00,145.0
22/12/2014,12:00:00,144.85
22/12/2014,12:05:00,144.8
22/12/2014,12:10:00,144.85
22/12/2014,12:15:00,144.95
22/12/2014,12:20:00,144.7
22/12/2014,12:25:00,144.95
22/12/2014,12:30:00,144.9
22/12/2014,12:35:00,144.9
22/12/2014,12:40:00,144.85
22/12/2014,12:45:00,144.95
22/12/2014,12:50:00,144.95
22/12/2014,12:55:00,145.7
22/12/2014,13:00:00,145.75
22/12/2014,13:05:00,145.8
22/12/2014,13:10:00,145.75
22/12/2014,13:15:00,145.9
22/12/2014,13:20:00,145.8
22/12/2014,13:25:00,145.8
22/12/2014,13:30:00,145.75
22/12/2014,13:35:00,145.95
22/12/2014,13:40:00,146.25
22/12/2014,13:45:00,146.35
22/12/2014,13:50:00,146.3
22/12/2014,13:55:00,146.3
22/12/2014,14:00:00,146.2
22/12/2014,14:05:00,145.3
22/12/2014,14:10:00,145.65
22/12/2014,14:15:00,145.7
22/12/2014,14:20:00,145.5
22/12/2014,14:25:00,145.8
22/12/2014,14:30:00,145.85
22/12/2014,14:35:00,145.7
22/12/2014,14:40:00,145.85
22/12/2014,14:45:00,145.7
22/12/2014,14:50:00,145.75
22/12/2014,14:55:00,145.85
22/12/2014,15:00:00,146.05
22/12/2014,15:05:00,145.6
22/12/2014,15:10:00,145.45
22/12/2014,15:15:00,145.6
22/12/2014,15:20:00,145.6
22/12/2014,15:25:00,145.6
22/12/2014,15:30:00,145.75
23/12/2014,09:20:00,147.0
23/12/2014,09:25:00,146.9
23/12/2014,09:30:00,147.1
23/12/2014,09:35:00,146.8
23/12/2014,09:40:00,147.05
23/12/2014,09:45:00,146.85
23/12/2014,09:50:00,146.7
23/12/2014,09:55:00,146.7
23/12/2014,10:00:00,146.7
23/12/2014,10:05:00,146.6
23/12/2014,10:10:00,146.85
23/12/2014,10:15:00,147.0
23/12/2014,10:20:00,146.65
23/12/2014,10:25:00,146.75
23/12/2014,10:30:00,146.8
23/12/2014,10:35:00,146.8
23/12/2014,10:40:00,146.8
23/12/2014,10:45:00,146.7
23/12/2014,10:50:00,146.55
23/12/2014,10:55:00,146.15
23/12/2014,11:00:00,145.95
23/12/2014,11:05:00,146.0
23/12/2014,11:10:00,145.65
23/12/2014,11:15:00,145.7
23/12/2014,11:20:00,145.65
23/12/2014,11:25:00,145.7
23/12/2014,11:30:00,145.8
23/12/2014,11:35:00,145.9
23/12/2014,11:40:00,145.3
23/12/2014,11:45:00,145.15
23/12/2014,11:50:00,145.35
23/12/2014,11:55:00,145.05
23/12/2014,12:00:00,145.1
23/12/2014,12:05:00,145.45
23/12/2014,12:10:00,145.2
23/12/2014,12:15:00,145.0
23/12/2014,12:20:00,145.35
23/12/2014,12:25:00,145.1
23/12/2014,12:30:00,145.05
23/12/2014,12:35:00,145.1
23/12/2014,12:40:00,145.0
23/12/2014,12:45:00,145.05
23/12/2014,12:50:00,145.1
23/12/2014,12:55:00,145.2
23/12/2014,13:00:00,145.25
23/12/2014,13:05:00,145.3
23/12/2014,13:10:00,145.55
23/12/2014,13:15:00,145.45
23/12/2014,13:20:00,145.6
23/12/2014,13:25:00,145.7
23/12/2014,13:30:00,145.7
23/12/2014,13:35:00,145.9
23/12/2014,13:40:00,145.95
23/12/2014,13:45:00,145.95
23/12/2014,13:50:00,145.65
23/12/2014,13:55:00,145.7
23/12/2014,14:00:00,145.9
23/12/2014,14:05:00,145.7
23/12/2014,14:10:00,145.6
23/12/2014,14:15:00,145.3
23/12/2014,14:20:00,145.35
23/12/2014,14:25:00,145.15
23/12/2014,14:30:00,145.25
23/12/2014,14:35:00,145.2
23/12/2014,14:40:00,145.15
23/12/2014,14:45:00,145.45
23/12/2014,14:50:00,145.15
23/12/2014,14:55:00,145.25
23/12/2014,15:00:00,145.15
23/12/2014,15:05:00,145.15
23/12/2014,15:10:00,145.05
23/12/2014,15:15:00,145.35
23/12/2014,15:20:00,145.2
23/12/2014,15:25:00,145.15
23/12/2014,15:30:00,145.15
24/12/2014,09:20:00,145.55
24/12/2014,09:25:00,145.6
24/12/2014,09:30:00,145.85
24/12/2014,09:35:00,146.45
24/12/2014,09:40:00,146.2
24/12/2014,09:45:00,146.05
24/12/2014,09:50:00,145.65
24/12/2014,09:55:00,145.35
24/12/2014,10:00:00,145.3
24/12/2014,10:05:00,145.7
24/12/2014,10:10:00,145.7
24/12/2014,10:15:00,145.85
24/12/2014,10:20:00,145.8
24/12/2014,10:25:00,145.85
24/12/2014,10:30:00,145.5
24/12/2014,10:35:00,146.05
24/12/2014,10:40:00,145.85
24/12/2014,10:45:00,145.9
24/12/2014,10:50:00,145.9
24/12/2014,10:55:00,145.8
24/12/2014,11:00:00,145.8
24/12/2014,11:05:00,145.8
24/12/2014,11:10:00,145.8
24/12/2014,11:15:00,145.85
24/12/2014,11:20:00,145.7
24/12/2014,11:25:00,145.6
24/12/2014,11:30:00,145.6
24/12/2014,11:35:00,145.6
24/12/2014,11:40:00,145.6
24/12/2014,11:45:00,145.65
24/12/2014,11:50:00,145.35
24/12/2014,11:55:00,145.4
24/12/2014,12:00:00,145.4
24/12/2014,12:05:00,145.15
24/12/2014,12:10:00,145.5
24/12/2014,12:15:00,145.3
24/12/2014,12:20:00,145.15
24/12/2014,12:25:00,145.25
24/12/2014,12:30:00,145.1
24/12/2014,12:35:00,145.2
24/12/2014,12:40:00,145.2
24/12/2014,12:45:00,145.1
24/12/2014,12:50:00,145.3
24/12/2014,12:55:00,145.25
24/12/2014,13:00:00,145.3
24/12/2014,13:05:00,145.7
24/12/2014,13:10:00,145.6
24/12/2014,13:15:00,145.6
24/12/2014,13:20:00,145.35
24/12/2014,13:25:00,145.55
24/12/2014,13:30:00,145.75
24/12/2014,13:35:00,145.65
24/12/2014,13:40:00,146.0
24/12/2014,13:45:00,146.0
24/12/2014,13:50:00,145.8
24/12/2014,13:55:00,145.8
24/12/2014,14:00:00,145.8
24/12/2014,14:05:00,145.55
24/12/2014,14:10:00,146.0
24/12/2014,14:15:00,146.0
24/12/2014,14:20:00,145.9
24/12/2014,14:25:00,145.85
24/12/2014,14:30:00,145.65
24/12/2014,14:35:00,145.8
24/12/2014,14:40:00,145.55
24/12/2014,14:45:00,145.35
24/12/2014,14:50:00,145.5
24/12/2014,14:55:00,145.25
24/12/2014,15:00:00,145.3
24/12/2014,15:05:00,144.7
24/12/2014,15:10:00,145.15
24/12/2014,15:15:00,145.05
24/12/2014,15:20:00,144.8
24/12/2014,15:25:00,145.0
24/12/2014,15:30:00,145.25
26/12/2014,09:20:00,145.1
26/12/2014,09:25:00,145.15
26/12/2014,09:30:00,144.65
26/12/2014,09:35:00,143.95
26/12/2014,09:40:00,142.75
26/12/2014,09:45:00,142.7
26/12/2014,09:50:00,142.2
26/12/2014,09:55:00,142.75
26/12/2014,10:00:00,142.6
26/12/2014,10:05:00,143.05
26/12/2014,10:10:00,142.9
26/12/2014,10:15:00,142.65
26/12/2014,10:20:00,142.8
26/12/2014,10:25:00,142.7
26/12/2014,10:30:00,142.9
26/12/2014,10:35:00,142.95
26/12/2014,10:40:00,143.0
26/12/2014,10:45:00,142.9
26/12/2014,10:50:00,142.95
26/12/2014,10:55:00,142.9
26/12/2014,11:00:00,142.95
26/12/2014,11:05:00,142.95
26/12/2014,11:10:00,143.0
26/12/2014,11:15:00,142.95
26/12/2014,11:20:00,143.05
26/12/2014,11:25:00,143.1
26/12/2014,11:30:00,143.15
26/12/2014,11:35:00,143.25
26/12/2014,11:40:00,143.2
26/12/2014,11:45:00,143.15
26/12/2014,11:50:00,143.0
26/12/2014,11:55:00,143.05
26/12/2014,12:00:00,143.1
26/12/2014,12:05:00,143.2
26/12/2014,12:10:00,143.3
26/12/2014,12:15:00,143.25
26/12/2014,12:20:00,143.25
26/12/2014,12:25:00,143.65
26/12/2014,12:30:00,143.55
26/12/2014,12:35:00,143.65
26/12/2014,12:40:00,143.65
26/12/2014,12:45:00,143.5
26/12/2014,12:50:00,143.6
26/12/2014,12:55:00,143.9
26/12/2014,13:00:00,143.8
26/12/2014,13:05:00,143.75
26/12/2014,13:10:00,143.6
26/12/2014,13:15:00,143.8
26/12/2014,13:20:00,143.6
26/12/2014,13:25:00,143.6
26/12/2014,13:30:00,143.3
26/12/2014,13:35:00,143.6
26/12/2014,13:40:00,143.55
26/12/2014,13:45:00,143.6
26/12/2014,13:50:00,143.55
26/12/2014,13:55:00,143.6
26/12/2014,14:00:00,143.5
26/12/2014,14:05:00,143.7
26/12/2014,14:10:00,143.9
26/12/2014,14:15:00,144.2
26/12/2014,14:20:00,144.1
26/12/2014,14:25:00,144.0
26/12/2014,14:30:00,144.2
26/12/2014,14:35:00,144.0
26/12/2014,14:40:00,143.95
26/12/2014,14:45:00,144.05
26/12/2014,14:50:00,144.1
26/12/2014,14:55:00,144.0
26/12/2014,15:00:00,144.0
26/12/2014,15:05:00,144.4
26/12/2014,15:10:00,144.45
26/12/2014,15:15:00,144.4
26/12/2014,15:20:00,144.85
26/12/2014,15:25:00,144.35
26/12/2014,15:30:00,144.15
29/12/2014,09:20:00,145.65
29/12/2014,09:25:00,145.8
29/12/2014,09:30:00,145.5
29/12/2014,09:35:00,145.75
29/12/2014,09:40:00,145.85
29/12/2014,09:45:00,145.85
29/12/2014,09:50:00,145.7
29/12/2014,09:55:00,145.85
29/12/2014,10:00:00,145.9
29/12/2014,10:05:00,145.9
29/12/2014,10:10:00,145.85
29/12/2014,10:15:00,145.9
29/12/2014,10:20:00,145.85
29/12/2014,10:25:00,145.7
29/12/2014,10:30:00,145.45
29/12/2014,10:35:00,145.0
29/12/2014,10:40:00,145.3
29/12/2014,10:45:00,145.35
29/12/2014,10:50:00,145.5
29/12/2014,10:55:00,145.25
29/12/2014,11:00:00,145.0
29/12/2014,11:05:00,145.3
29/12/2014,11:10:00,145.25
29/12/2014,11:15:00,145.0
29/12/2014,11:20:00,145.2
29/12/2014,11:25:00,145.25
29/12/2014,11:30:00,145.35
29/12/2014,11:35:00,145.35
29/12/2014,11:40:00,145.4
29/12/2014,11:45:00,145.45
29/12/2014,11:50:00,145.4
29/12/2014,11:55:00,145.4
29/12/2014,12:00:00,145.35
29/12/2014,12:05:00,145.4
29/12/2014,12:10:00,145.0
29/12/2014,12:15:00,145.0
29/12/2014,12:20:00,145.15
29/12/2014,12:25:00,145.25
29/12/2014,12:30:00,145.25
29/12/2014,12:35:00,145.3
29/12/2014,12:40:00,145.35
29/12/2014,12:45:00,145.3
29/12/2014,12:50:00,145.0
29/12/2014,12:55:00,145.0
29/12/2014,13:00:00,144.95
29/12/2014,13:05:00,144.95
29/12/2014,13:10:00,145.0
29/12/2014,13:15:00,145.0
29/12/2014,13:20:00,145.0
29/12/2014,13:25:00,145.0
29/12/2014,13:30:00,145.0
29/12/2014,13:35:00,145.0
29/12/2014,13:40:00,144.9
29/12/2014,13:45:00,144.75
29/12/2014,13:50:00,144.75
29/12/2014,13:55:00,144.75
29/12/2014,14:00:00,144.8
29/12/2014,14:05:00,144.7
29/12/2014,14:10:00,144.6
29/12/2014,14:15:00,144.0
29/12/2014,14:20:00,143.7
29/12/2014,14:25:00,143.75
29/12/2014,14:30:00,143.3
29/12/2014,14:35:00,142.9
29/12/2014,14:40:00,142.45
29/12/2014,14:45:00,143.0
29/12/2014,14:50:00,143.15
29/12/2014,14:55:00,143.0
29/12/2014,15:00:00,143.0
29/12/2014,15:05:00,143.3
29/12/2014,15:10:00,143.35
29/12/2014,15:15:00,143.4
29/12/2014,15:20:00,143.4
29/12/2014,15:25:00,143.7
29/12/2014,15:30:00,144.0
30/12/2014,09:20:00,143.35
30/12/2014,09:25:00,143.5
30/12/2014,09:30:00,143.45
30/12/2014,09:35:00,143.8
30/12/2014,09:40:00,144.1
30/12/2014,09:45:00,144.15
30/12/2014,09:50:00,144.05
30/12/2014,09:55:00,144.15
30/12/2014,10:00:00,144.0
30/12/2014,10:05:00,143.85
30/12/2014,10:10:00,143.3
30/12/2014,10:15:00,143.4
30/12/2014,10:20:00,143.5
30/12/2014,10:25:00,143.45
30/12/2014,10:30:00,143.2
30/12/2014,10:35:00,143.2
30/12/2014,10:40:00,143.25
30/12/2014,10:45:00,143.2
30/12/2014,10:50:00,143.25
30/12/2014,10:55:00,143.25
30/12/2014,11:00:00,143.2
30/12/2014,11:05:00,143.25
30/12/2014,11:10:00,143.3
30/12/2014,11:15:00,143.4
30/12/2014,11:20:00,143.4
30/12/2014,11:25:00,143.35
30/12/2014,11:30:00,143.5
30/12/2014,11:35:00,143.5
30/12/2014,11:40:00,143.5
30/12/2014,11:45:00,143.6
30/12/2014,11:50:00,143.5
30/12/2014,11:55:00,143.5
30/12/2014,12:00:00,143.6
30/12/2014,12:05:00,143.6
30/12/2014,12:10:00,143.6
30/12/2014,12:15:00,143.9
30/12/2014,12:20:00,144.0
30/12/2014,12:25:00,144.2
30/12/2014,12:30:00,144.15
30/12/2014,12:35:00,144.1
30/12/2014,12:40:00,144.0
30/12/2014,12:45:00,144.0
30/12/2014,12:50:00,144.9
30/12/2014,12:55:00,144.45
30/12/2014,13:00:00,144.75
30/12/2014,13:05:00,145.15
30/12/2014,13:10:00,145.1
30/12/2014,13:15:00,145.05
30/12/2014,13:20:00,145.05
30/12/2014,13:25:00,145.05
30/12/2014,13:30:00,145.1
30/12/2014,13:35:00,145.0
30/12/2014,13:40:00,145.15
30/12/2014,13:45:00,145.0
30/12/2014,13:50:00,145.0
30/12/2014,13:55:00,145.0
30/12/2014,14:00:00,144.85
30/12/2014,14:05:00,144.8
30/12/2014,14:10:00,144.35
30/12/2014,14:15:00,144.65
30/12/2014,14:20:00,144.5
30/12/2014,14:25:00,144.6
30/12/2014,14:30:00,144.6
30/12/2014,14:35:00,144.55
30/12/2014,14:40:00,144.8
30/12/2014,14:45:00,144.85
30/12/2014,14:50:00,144.95
30/12/2014,14:55:00,145.0
30/12/2014,15:00:00,145.1
30/12/2014,15:05:00,145.0
30/12/2014,15:10:00,145.2
30/12/2014,15:15:00,145.4
30/12/2014,15:20:00,145.6
30/12/2014,15:25:00,145.6
30/12/2014,15:30:00,145.2
31/12/2014,09:20:00,145.45
31/12/2014,09:25:00,145.3
31/12/2014,09:30:00,145.3
31/12/2014,09:35:00,145.05
31/12/2014,09:40:00,145.15
31/12/2014,09:45:00,145.15
31/12/2014,09:50:00,145.3
31/12/2014,09:55:00,145.2
31/12/2014,10:00:00,145.2
31/12/2014,10:05:00,145.25
31/12/2014,10:10:00,145.2
31/12/2014,10:15:00,145.1
31/12/2014,10:20:00,145.2
31/12/2014,10:25:00,145.25
31/12/2014,10:30:00,145.0
31/12/2014,10:35:00,145.15
31/12/2014,10:40:00,144.95
31/12/2014,10:45:00,145.0
31/12/2014,10:50:00,145.1
31/12/2014,10:55:00,145.2
31/12/2014,11:00:00,145.2
31/12/2014,11:05:00,144.95
31/12/2014,11:10:00,145.0
31/12/2014,11:15:00,145.1
31/12/2014,11:20:00,145.05
31/12/2014,11:25:00,144.95
31/12/2014,11:30:00,145.1
31/12/2014,11:35:00,145.2
31/12/2014,11:40:00,145.0
31/12/2014,11:45:00,145.0
31/12/2014,11:50:00,145.15
31/12/2014,11:55:00,145.0
31/12/2014,12:00:00,145.0
31/12/2014,12:05:00,145.1
31/12/2014,12:10:00,145.2
31/12/2014,12:15:00,145.25
31/12/2014,12:20:00,145.4
31/12/2014,12:25:00,145.2
31/12/2014,12:30:00,145.4
31/12/2014,12:35:00,145.35
31/12/2014,12:40:00,145.35
31/12/2014,12:45:00,145.2
31/12/2014,12:50:00,145.35
31/12/2014,12:55:00,145.4
31/12/2014,13:00:00,145.6
31/12/2014,13:05:00,145.8
31/12/2014,13:10:00,145.85
31/12/2014,13:15:00,145.85
31/12/2014,13:20:00,145.9
31/12/2014,13:25:00,145.9
31/12/2014,13:30:00,145.55
31/12/2014,13:35:00,145.65
31/12/2014,13:40:00,145.7
31/12/2014,13:45:00,145.55
31/12/2014,13:50:00,145.5
31/12/2014,13:55:00,145.5
31/12/2014,14:00:00,145.55
31/12/2014,14:05:00,145.5
31/12/2014,14:10:00,145.6
31/12/2014,14:15:00,145.65
31/12/2014,14:20:00,145.7
31/12/2014,14:25:00,145.8
31/12/2014,14:30:00,145.85
31/12/2014,14:35:00,145.7
31/12/2014,14:40:00,145.75
31/12/2014,14:45:00,145.6
31/12/2014,14:50:00,145.6
31/12/2014,14:55:00,145.6
31/12/2014,15:00:00,145.5
31/12/2014,15:05:00,145.05
31/12/2014,15:10:00,145.3
31/12/2014,15:15:00,145.1
31/12/2014,15:20:00,144.95
31/12/2014,15:25:00,144.8
31/12/2014,15:30:00,144.85
